2009-10-01T20:12:57.791, 179768436.943073,  36580783.147959, -15777583.551976, -31730142.822045, -14060659.925907,  15776340.583531,        11.043858,         4.594473,        -3.792070,  38117068.000000,       -13.400000,        77.400000,        12.548100,        -0.832301,        -0.368822,         0.413817,        -0.130167,         0.855692,         0.500847,        -0.538824,         0.362990,        -0.760202
2009-10-01T20:13:29.791, 179767924.595001,  36581574.585416, -15777462.250038, -31729789.419598, -14060512.902823,  15776219.237115,        11.043794,         4.594469,        -3.792081,  38116669.000000,       -13.400000,        77.300000,        12.548100,        -0.832301,        -0.368822,         0.413819,        -0.130174,         0.855697,         0.500838,        -0.538823,         0.362979,        -0.760208
2009-10-01T20:17:45.791, 179763825.669542,  36587906.056393, -15776491.822162, -31726962.273761, -14059336.722678,  15775248.453483,        11.043282,         4.594438,        -3.792166,  38113481.000000,       -13.400000,        76.200000,        12.547600,        -0.832296,        -0.368822,         0.413828,        -0.130224,         0.855734,         0.500760,        -0.538818,         0.362891,        -0.760254
2009-10-01T20:18:17.791, 179763313.286248,  36588697.486680, -15776370.517132, -31726608.889749, -14059189.700726,  15775127.103992,        11.043218,         4.594434,        -3.792177,  38113082.000000,       -13.400000,        76.100000,        12.547600,        -0.832296,        -0.368822,         0.413829,        -0.130230,         0.855739,         0.500751,        -0.538817,         0.362880,        -0.760259
2009-10-01T20:22:33.791, 179759214.079009,  36595028.900291, -15775400.064519, -31723781.891386, -14058013.529640,  15774156.295764,        11.042706,         4.594403,        -3.792262,  38109894.000000,       -13.400000,        75.000000,        12.547200,        -0.832291,        -0.368822,         0.413838,        -0.130280,         0.855776,         0.500674,        -0.538812,         0.362791,        -0.760305
2009-10-01T20:23:05.791, 179758701.660493,  36595820.323406, -15775278.756397, -31723428.525807, -14057866.508820,  15774034.943198,        11.042642,         4.594399,        -3.792273,  38109495.000000,       -13.400000,        74.900000,        12.547100,        -0.832291,        -0.368822,         0.413839,        -0.130287,         0.855781,         0.500664,        -0.538811,         0.362780,        -0.760311
2009-10-01T20:27:21.791, 179754602.171466,  36602151.679636, -15774308.279047, -31720601.674908, -14056690.346801,  15773064.110374,        11.042130,         4.594367,        -3.792358,  38106307.000000,       -13.400000,        73.800000,        12.546700,        -0.832286,        -0.368822,         0.413848,        -0.130337,         0.855819,         0.500587,        -0.538806,         0.362692,        -0.760357
2009-10-01T20:27:53.791, 179754089.717725,  36602943.095578, -15774186.967833, -31720248.327761, -14056543.327116,  15772942.754734,        11.042066,         4.594363,        -3.792369,  38105908.000000,       -13.400000,        73.700000,        12.546600,        -0.832285,        -0.368822,         0.413849,        -0.130343,         0.855823,         0.500577,        -0.538806,         0.362680,        -0.760363
2009-10-01T20:32:09.791, 179749989.946904,  36609274.394413, -15773216.465747, -31717421.624314, -14055367.174173,  15771971.897315,        11.041554,         4.594332,        -3.792454,  38102720.000000,       -13.400000,        72.600000,        12.546200,        -0.832281,        -0.368822,         0.413859,        -0.130393,         0.855861,         0.500500,        -0.538801,         0.362592,        -0.760408
2009-10-01T20:32:41.791, 179749477.457939,  36610065.803180, -15773095.151441, -31717068.295598, -14055220.155623,  15771850.538600,        11.041490,         4.594328,        -3.792465,  38102322.000000,       -13.400000,        72.400000,        12.546100,        -0.832280,        -0.368822,         0.413860,        -0.130400,         0.855865,         0.500490,        -0.538800,         0.362581,        -0.760414
2009-10-01T20:36:57.791, 179745377.405315,  36616397.044606, -15772124.624620, -31714241.739592, -14054044.011766,  15770879.656586,        11.040978,         4.594296,        -3.792551,  38099133.000000,       -13.400000,        71.400000,        12.545700,        -0.832276,        -0.368822,         0.413869,        -0.130450,         0.855903,         0.500413,        -0.538795,         0.362492,        -0.760460
2009-10-01T20:42:17.791, 179740251.987273,  36624311.024610, -15770911.435174, -31710708.728871, -14052573.843313,  15769666.023326,        11.040339,         4.594257,        -3.792657,  38095149.000000,       -13.400000,        70.000000,        12.545100,        -0.832270,        -0.368822,         0.413880,        -0.130513,         0.855950,         0.500316,        -0.538788,         0.362382,        -0.760517
2009-10-01T20:42:49.791, 179739739.423941,  36625102.418223, -15770790.114340, -31710355.439061, -14052426.827163,  15769544.658121,        11.040275,         4.594253,        -3.792668,  38094750.000000,       -13.400000,        69.900000,        12.545100,        -0.832270,        -0.368822,         0.413882,        -0.130519,         0.855955,         0.500307,        -0.538788,         0.362371,        -0.760523
2009-10-01T20:44:25.791, 179738201.710461,  36627476.594275, -15770426.149776, -31709295.581913, -14051985.779472,  15769180.560458,        11.040083,         4.594241,        -3.792700,  38093555.000000,       -13.400000,        69.500000,        12.544900,        -0.832268,        -0.368822,         0.413885,        -0.130538,         0.855969,         0.500278,        -0.538786,         0.362337,        -0.760540
2009-10-01T20:44:57.791, 179737689.131473,  36628267.984697, -15770304.827568, -31708942.300293, -14051838.763828,  15769059.193887,        11.040019,         4.594237,        -3.792711,  38093156.000000,       -13.400000,        69.400000,        12.544900,        -0.832267,        -0.368822,         0.413886,        -0.130544,         0.855973,         0.500268,        -0.538785,         0.362326,        -0.760546
2009-10-01T20:46:33.791, 179736151.371023,  36630642.151176, -15769940.858882, -31707882.467714, -14051397.717655,  15768695.092124,        11.039827,         4.594225,        -3.792743,  38091961.000000,       -13.400000,        69.000000,        12.544700,        -0.832266,        -0.368822,         0.413890,        -0.130563,         0.855987,         0.500239,        -0.538783,         0.362293,        -0.760563
2009-10-01T20:47:05.791, 179735638.776378,  36631433.538406, -15769819.535300, -31707529.194283, -14051250.702517,  15768573.724187,        11.039763,         4.594221,        -3.792753,  38091562.000000,       -13.400000,        68.800000,        12.544600,        -0.832265,        -0.368822,         0.413891,        -0.130569,         0.855992,         0.500229,        -0.538783,         0.362282,        -0.760569
2009-10-01T20:48:41.791, 179734100.968957,  36633807.695309, -15769455.562492, -31706469.386273, -14050809.657862,  15768209.618326,        11.039571,         4.594209,        -3.792785,  38090367.000000,       -13.400000,        68.400000,        12.544500,        -0.832263,        -0.368822,         0.413894,        -0.130588,         0.856006,         0.500200,        -0.538781,         0.362249,        -0.760586
2009-10-01T20:49:13.791, 179733588.358655,  36634599.079347, -15769334.237535, -31706116.121031, -14050662.643231,  15768088.249022,        11.039507,         4.594205,        -3.792796,  38089968.000000,       -13.400000,        68.300000,        12.544400,        -0.832263,        -0.368822,         0.413895,        -0.130594,         0.856011,         0.500191,        -0.538780,         0.362238,        -0.760592
2009-10-01T20:51:21.791, 179731537.878304,  36637764.607519, -15768848.934274, -31704703.080535, -14050074.585971,  15767602.768392,        11.039251,         4.594189,        -3.792839,  38088375.000000,       -13.400000,        67.800000,        12.544200,        -0.832260,        -0.368822,         0.413900,        -0.130620,         0.856030,         0.500152,        -0.538777,         0.362193,        -0.760615
2009-10-01T20:51:53.791, 179731025.248431,  36638555.987567, -15768727.607600, -31704349.825529, -14049927.571973,  15767481.397381,        11.039187,         4.594185,        -3.792849,  38087976.000000,       -13.400000,        67.600000,        12.544200,        -0.832260,        -0.368822,         0.413901,        -0.130626,         0.856034,         0.500142,        -0.538777,         0.362182,        -0.760621
2009-10-01T20:54:01.791, 179728974.689793,  36641721.499777, -15768242.297468, -31702936.825976, -14049339.517248,  15766995.909920,        11.038931,         4.594170,        -3.792892,  38086382.000000,       -13.400000,        67.100000,        12.543900,        -0.832258,        -0.368822,         0.413906,        -0.130651,         0.856053,         0.500104,        -0.538774,         0.362138,        -0.760643
2009-10-01T20:54:33.791, 179728462.040347,  36642512.875834, -15768120.969077, -31702583.581206, -14049192.503883,  15766874.537200,        11.038867,         4.594166,        -3.792903,  38085984.000000,       -13.400000,        67.000000,        12.543900,        -0.832257,        -0.368822,         0.413907,        -0.130657,         0.856058,         0.500094,        -0.538773,         0.362127,        -0.760649
2009-10-01T20:56:41.791, 179726411.403421,  36645678.372080, -15767635.652074, -31701170.622596, -14048604.451693,  15766389.042908,        11.038611,         4.594150,        -3.792946,  38084390.000000,       -13.400000,        66.400000,        12.543700,        -0.832255,        -0.368822,         0.413911,        -0.130682,         0.856076,         0.500055,        -0.538771,         0.362083,        -0.760672
2009-10-01T20:57:13.791, 179725898.734404,  36646469.744146, -15767514.321965, -31700817.388061, -14048457.438962,  15766267.668481,        11.038547,         4.594146,        -3.792956,  38083992.000000,       -13.400000,        66.300000,        12.543600,        -0.832254,        -0.368822,         0.413912,        -0.130689,         0.856081,         0.500046,        -0.538770,         0.362072,        -0.760678
2009-10-01T21:02:33.791, 179720771.828932,  36654383.420888, -15766301.001978, -31697285.155293, -14046987.318636,  15765053.905425,        11.037908,         4.594106,        -3.793063,  38080007.000000,       -13.400000,        65.000000,        12.543100,        -0.832249,        -0.368822,         0.413924,        -0.130751,         0.856128,         0.499949,        -0.538764,         0.361961,        -0.760735
2009-10-01T21:03:05.791, 179720259.116855,  36655174.784170, -15766179.668090, -31696931.943274, -14046840.307301,  15764932.527241,        11.037844,         4.594102,        -3.793074,  38079609.000000,       -13.400000,        64.800000,        12.543000,        -0.832248,        -0.368822,         0.413925,        -0.130758,         0.856133,         0.499939,        -0.538763,         0.361950,        -0.760741
2009-10-01T21:03:37.791, 179719746.400864,  36655966.146654, -15766058.333858, -31696578.733302, -14046693.296094,  15764811.148716,        11.037780,         4.594098,        -3.793084,  38079210.000000,       -13.400000,        64.700000,        12.543000,        -0.832247,        -0.368822,         0.413926,        -0.130764,         0.856137,         0.499930,        -0.538762,         0.361939,        -0.760747
2009-10-01T21:04:09.791, 179719233.680958,  36656757.508339, -15765936.999283, -31696225.525377, -14046546.285013,  15764689.769849,        11.037716,         4.594094,        -3.793095,  38078812.000000,       -13.400000,        64.600000,        12.542900,        -0.832247,        -0.368822,         0.413927,        -0.130770,         0.856142,         0.499920,        -0.538762,         0.361928,        -0.760752
2009-10-01T21:04:41.791, 179718720.957137,  36657548.869226, -15765815.664364, -31695872.319499, -14046399.274060,  15764568.390640,        11.037652,         4.594090,        -3.793106,  38078414.000000,       -13.400000,        64.400000,        12.542800,        -0.832246,        -0.368822,         0.413928,        -0.130777,         0.856147,         0.499910,        -0.538761,         0.361916,        -0.760758
2009-10-01T21:05:13.791, 179718208.229401,  36658340.229314, -15765694.329102, -31695519.115667, -14046252.263233,  15764447.011090,        11.037588,         4.594086,        -3.793116,  38078015.000000,       -13.400000,        64.300000,        12.542800,        -0.832246,        -0.368822,         0.413930,        -0.130783,         0.856151,         0.499901,        -0.538761,         0.361905,        -0.760764
2009-10-01T21:05:45.791, 179717695.497751,  36659131.588603, -15765572.993496, -31695165.913882, -14046105.252534,  15764325.631198,        11.037524,         4.594082,        -3.793127,  38077617.000000,       -13.400000,        64.200000,        12.542700,        -0.832245,        -0.368822,         0.413931,        -0.130789,         0.856156,         0.499891,        -0.538760,         0.361894,        -0.760770
2009-10-01T21:06:17.791, 179717182.762187,  36659922.947094, -15765451.657547, -31694812.714144, -14045958.241962,  15764204.250965,        11.037460,         4.594078,        -3.793138,  38077218.000000,       -13.400000,        64.000000,        12.542700,        -0.832245,        -0.368822,         0.413932,        -0.130795,         0.856161,         0.499881,        -0.538759,         0.361883,        -0.760775
2009-10-01T21:06:49.791, 179716670.022707,  36660714.304785, -15765330.321255, -31694459.516453, -14045811.231517,  15764082.870390,        11.037396,         4.594074,        -3.793148,  38076820.000000,       -13.400000,        63.900000,        12.542600,        -0.832244,        -0.368822,         0.413933,        -0.130802,         0.856165,         0.499872,        -0.538759,         0.361872,        -0.760781
2009-10-01T21:07:21.791, 179716157.279313,  36661505.661678, -15765208.984618, -31694106.320808, -14045664.221199,  15763961.489473,        11.037332,         4.594070,        -3.793159,  38076422.000000,       -13.400000,        63.800000,        12.542600,        -0.832243,        -0.368822,         0.413934,        -0.130808,         0.856170,         0.499862,        -0.538758,         0.361861,        -0.760787
2009-10-01T21:07:53.791, 179715644.532005,  36662297.017772, -15765087.647639, -31693753.127210, -14045517.211008,  15763840.108215,        11.037268,         4.594066,        -3.793170,  38076023.000000,       -13.400000,        63.600000,        12.542500,        -0.832243,        -0.368822,         0.413935,        -0.130814,         0.856175,         0.499852,        -0.538757,         0.361850,        -0.760792
2009-10-01T21:08:25.791, 179715131.780781,  36663088.373068, -15764966.310315, -31693399.935658, -14045370.200944,  15763718.726616,        11.037204,         4.594063,        -3.793180,  38075625.000000,       -13.400000,        63.500000,        12.542500,        -0.832242,        -0.368822,         0.413936,        -0.130821,         0.856179,         0.499843,        -0.538757,         0.361839,        -0.760798
2009-10-01T21:08:57.791, 179714619.025643,  36663879.727564, -15764844.972649, -31693046.746153, -14045223.191007,  15763597.344675,        11.037140,         4.594059,        -3.793191,  38075226.000000,       -13.400000,        63.400000,        12.542400,        -0.832242,        -0.368822,         0.413938,        -0.130827,         0.856184,         0.499833,        -0.538756,         0.361828,        -0.760804
2009-10-01T21:09:29.791, 179714106.266591,  36664671.081262, -15764723.634639, -31692693.558695, -14045076.181198,  15763475.962392,        11.037076,         4.594055,        -3.793202,  38074828.000000,       -13.400000,        63.200000,        12.542400,        -0.832241,        -0.368822,         0.413939,        -0.130833,         0.856189,         0.499823,        -0.538755,         0.361817,        -0.760810
2009-10-01T21:10:01.791, 179713593.503623,  36665462.434161, -15764602.296285, -31692340.373284, -14044929.171515,  15763354.579768,        11.037012,         4.594051,        -3.793212,  38074429.000000,       -13.400000,        63.100000,        12.542300,        -0.832241,        -0.368822,         0.413940,        -0.130839,         0.856193,         0.499814,        -0.538755,         0.361806,        -0.760815
2009-10-01T21:10:33.791, 179713080.736741,  36666253.786261, -15764480.957588, -31691987.189919, -14044782.161960,  15763233.196803,        11.036948,         4.594047,        -3.793223,  38074031.000000,       -13.400000,        63.000000,        12.542200,        -0.832240,        -0.368822,         0.413941,        -0.130846,         0.856198,         0.499804,        -0.538754,         0.361795,        -0.760821
2009-10-01T21:11:05.791, 179712567.965944,  36667045.137562, -15764359.618547, -31691634.008601, -14044635.152532,  15763111.813496,        11.036884,         4.594043,        -3.793234,  38073633.000000,       -13.400000,        62.800000,        12.542200,        -0.832239,        -0.368822,         0.413942,        -0.130852,         0.856203,         0.499794,        -0.538753,         0.361783,        -0.760827
2009-10-01T21:11:37.791, 179712055.191233,  36667836.488064, -15764238.279163, -31691280.829329, -14044488.143231,  15762990.429847,        11.036820,         4.594039,        -3.793244,  38073234.000000,       -13.400000,        62.700000,        12.542100,        -0.832239,        -0.368822,         0.413943,        -0.130858,         0.856208,         0.499785,        -0.538753,         0.361772,        -0.760833
2009-10-01T21:12:09.791, 179711542.412606,  36668627.837768, -15764116.939435, -31690927.652104, -14044341.134058,  15762869.045857,        11.036756,         4.594035,        -3.793255,  38072836.000000,       -13.400000,        62.600000,        12.542100,        -0.832238,        -0.368822,         0.413944,        -0.130865,         0.856212,         0.499775,        -0.538752,         0.361761,        -0.760838
2009-10-01T21:12:41.791, 179711029.630065,  36669419.186672, -15763995.599364, -31690574.476925, -14044194.125011,  15762747.661525,        11.036692,         4.594031,        -3.793266,  38072438.000000,       -13.400000,        62.400000,        12.542000,        -0.832238,        -0.368822,         0.413946,        -0.130871,         0.856217,         0.499765,        -0.538751,         0.361750,        -0.760844
2009-10-01T21:13:13.791, 179710516.843609,  36670210.534777, -15763874.258949, -31690221.303793, -14044047.116092,  15762626.276852,        11.036628,         4.594027,        -3.793276,  38072039.000000,       -13.400000,        62.300000,        12.542000,        -0.832237,        -0.368822,         0.413947,        -0.130877,         0.856222,         0.499756,        -0.538751,         0.361739,        -0.760850
2009-10-01T21:13:45.791, 179710004.053239,  36671001.882083, -15763752.918191, -31689868.132707, -14043900.107301,  15762504.891837,        11.036564,         4.594023,        -3.793287,  38071641.000000,       -13.400000,        62.200000,        12.541900,        -0.832237,        -0.368822,         0.413948,        -0.130883,         0.856226,         0.499746,        -0.538750,         0.361728,        -0.760855
2009-10-01T21:14:17.791, 179709491.258953,  36671793.228591, -15763631.577089, -31689514.963668, -14043753.098636,  15762383.506480,        11.036500,         4.594019,        -3.793298,  38071242.000000,       -13.400000,        62.000000,        12.541900,        -0.832236,        -0.368822,         0.413949,        -0.130890,         0.856231,         0.499736,        -0.538750,         0.361717,        -0.760861
2009-10-01T21:14:49.791, 179708978.460753,  36672584.574299, -15763510.235644, -31689161.796676, -14043606.090099,  15762262.120783,        11.036437,         4.594015,        -3.793308,  38070844.000000,       -13.400000,        61.900000,        12.541800,        -0.832235,        -0.368822,         0.413950,        -0.130896,         0.856236,         0.499727,        -0.538749,         0.361706,        -0.760867
2009-10-01T21:15:21.791, 179708465.658638,  36673375.919208, -15763388.893855, -31688808.631729, -14043459.081689,  15762140.734743,        11.036373,         4.594011,        -3.793319,  38070446.000000,       -13.400000,        61.800000,        12.541800,        -0.832235,        -0.368822,         0.413951,        -0.130902,         0.856240,         0.499717,        -0.538748,         0.361695,        -0.760873
2009-10-01T21:15:53.791, 179707952.852608,  36674167.263318, -15763267.551723, -31688455.468829, -14043312.073406,  15762019.348362,        11.036309,         4.594007,        -3.793330,  38070047.000000,       -13.400000,        61.600000,        12.541700,        -0.832234,        -0.368822,         0.413952,        -0.130909,         0.856245,         0.499707,        -0.538748,         0.361684,        -0.760878
2009-10-01T21:16:25.791, 179707440.042663,  36674958.606629, -15763146.209247, -31688102.307976, -14043165.065251,  15761897.961640,        11.036245,         4.594003,        -3.793340,  38069649.000000,       -13.400000,        61.500000,        12.541700,        -0.832234,        -0.368822,         0.413954,        -0.130915,         0.856250,         0.499698,        -0.538747,         0.361673,        -0.760884
2009-10-01T21:16:57.791, 179706927.228803,  36675749.949140, -15763024.866428, -31687749.149169, -14043018.057223,  15761776.574576,        11.036181,         4.593999,        -3.793351,  38069250.000000,       -13.400000,        61.400000,        12.541600,        -0.832233,        -0.368822,         0.413955,        -0.130921,         0.856254,         0.499688,        -0.538746,         0.361662,        -0.760890
2009-10-01T21:17:29.791, 179706414.411029,  36676541.290853, -15762903.523265, -31687395.992408, -14042871.049323,  15761655.187170,        11.036117,         4.593995,        -3.793362,  38068852.000000,       -13.400000,        61.200000,        12.541500,        -0.832233,        -0.368822,         0.413956,        -0.130927,         0.856259,         0.499678,        -0.538746,         0.361651,        -0.760896
2009-10-01T21:18:01.791, 179705901.589339,  36677332.631766, -15762782.179759, -31687042.837694, -14042724.041550,  15761533.799423,        11.036053,         4.593991,        -3.793372,  38068454.000000,       -13.400000,        61.100000,        12.541500,        -0.832232,        -0.368822,         0.413957,        -0.130934,         0.856264,         0.499669,        -0.538745,         0.361639,        -0.760901
2009-10-01T21:18:33.791, 179705388.763735,  36678123.971880, -15762660.835909, -31686689.685026, -14042577.033904,  15761412.411335,        11.035989,         4.593987,        -3.793383,  38068055.000000,       -13.400000,        61.000000,        12.541400,        -0.832232,        -0.368822,         0.413958,        -0.130940,         0.856268,         0.499659,        -0.538744,         0.361628,        -0.760907
2009-10-01T21:19:05.791, 179704875.934216,  36678915.311195, -15762539.491716, -31686336.534405, -14042430.026386,  15761291.022905,        11.035925,         4.593983,        -3.793394,  38067657.000000,       -13.400000,        60.800000,        12.541400,        -0.832231,        -0.368822,         0.413959,        -0.130946,         0.856273,         0.499649,        -0.538744,         0.361617,        -0.760913
2009-10-01T21:19:37.791, 179704363.100782,  36679706.649711, -15762418.147179, -31685983.385829, -14042283.018995,  15761169.634133,        11.035861,         4.593979,        -3.793404,  38067259.000000,       -13.400000,        60.700000,        12.541300,        -0.832230,        -0.368822,         0.413960,        -0.130953,         0.856278,         0.499640,        -0.538743,         0.361606,        -0.760918
2009-10-01T21:20:09.791, 179703850.263433,  36680497.987427, -15762296.802299, -31685630.239300, -14042136.011731,  15761048.245020,        11.035797,         4.593975,        -3.793415,  38066860.000000,       -13.400000,        60.600000,        12.541300,        -0.832230,        -0.368822,         0.413962,        -0.130959,         0.856282,         0.499630,        -0.538742,         0.361595,        -0.760924
2009-10-01T21:20:41.791, 179703337.422169,  36681289.324344, -15762175.457075, -31685277.094818, -14041989.004595,  15760926.855565,        11.035733,         4.593971,        -3.793426,  38066462.000000,       -13.400000,        60.400000,        12.541200,        -0.832229,        -0.368822,         0.413963,        -0.130965,         0.856287,         0.499620,        -0.538742,         0.361584,        -0.760930
2009-10-01T21:21:13.791, 179702824.576990,  36682080.660462, -15762054.111508, -31684923.952381, -14041841.997587,  15760805.465769,        11.035669,         4.593967,        -3.793436,  38066063.000000,       -13.400000,        60.300000,        12.541200,        -0.832229,        -0.368822,         0.413964,        -0.130971,         0.856292,         0.499611,        -0.538741,         0.361573,        -0.760936
2009-10-01T21:21:45.791, 179702311.727896,  36682871.995780, -15761932.765597, -31684570.811991, -14041694.990706,  15760684.075632,        11.035605,         4.593963,        -3.793447,  38065665.000000,       -13.400000,        60.200000,        12.541100,        -0.832228,        -0.368822,         0.413965,        -0.130978,         0.856296,         0.499601,        -0.538740,         0.361562,        -0.760941
2009-10-01T21:22:17.791, 179701798.874887,  36683663.330299, -15761811.419343, -31684217.673647, -14041547.983952,  15760562.685153,        11.035541,         4.593959,        -3.793458,  38065267.000000,       -13.400000,        60.000000,        12.541100,        -0.832228,        -0.368822,         0.413966,        -0.130984,         0.856301,         0.499591,        -0.538740,         0.361551,        -0.760947
2009-10-01T21:22:49.791, 179701286.017963,  36684454.664019, -15761690.072745, -31683864.537350, -14041400.977326,  15760441.294332,        11.035477,         4.593955,        -3.793468,  38064868.000000,       -13.400000,        59.900000,        12.541000,        -0.832227,        -0.368822,         0.413967,        -0.130990,         0.856306,         0.499582,        -0.538739,         0.361540,        -0.760953
2009-10-01T21:23:21.791, 179700773.157124,  36685245.996939, -15761568.725804, -31683511.403098, -14041253.970828,  15760319.903170,        11.035413,         4.593951,        -3.793479,  38064470.000000,       -13.400000,        59.800000,        12.540900,        -0.832226,        -0.368822,         0.413968,        -0.130997,         0.856311,         0.499572,        -0.538738,         0.361529,        -0.760959
2009-10-01T21:23:53.791, 179700260.292371,  36686037.329060, -15761447.378520, -31683158.270893, -14041106.964457,  15760198.511666,        11.035349,         4.593947,        -3.793490,  38064072.000000,       -13.400000,        59.600000,        12.540900,        -0.832226,        -0.368822,         0.413970,        -0.131003,         0.856315,         0.499562,        -0.538738,         0.361518,        -0.760964
2009-10-01T21:24:25.791, 179699747.423702,  36686828.660381, -15761326.030891, -31682805.140734, -14040959.958213,  15760077.119821,        11.035286,         4.593943,        -3.793500,  38063673.000000,       -13.400000,        59.500000,        12.540800,        -0.832225,        -0.368822,         0.413971,        -0.131009,         0.856320,         0.499553,        -0.538737,         0.361506,        -0.760970
2009-10-01T21:24:57.791, 179699234.551118,  36687619.990903, -15761204.682920, -31682452.012620, -14040812.952097,  15759955.727634,        11.035222,         4.593939,        -3.793511,  38063275.000000,       -13.400000,        59.400000,        12.540800,        -0.832225,        -0.368822,         0.413972,        -0.131015,         0.856325,         0.499543,        -0.538736,         0.361495,        -0.760976
2009-10-01T21:25:29.791, 179698721.674619,  36688411.320625, -15761083.334605, -31682098.886554, -14040665.946109,  15759834.335106,        11.035158,         4.593935,        -3.793522,  38062877.000000,       -13.400000,        59.200000,        12.540700,        -0.832224,        -0.368822,         0.413973,        -0.131022,         0.856329,         0.499533,        -0.538736,         0.361484,        -0.760981
2009-10-01T21:26:01.791, 179698208.794205,  36689202.649548, -15760961.985946, -31681745.762533, -14040518.940248,  15759712.942236,        11.035094,         4.593931,        -3.793533,  38062478.000000,       -13.400000,        59.100000,        12.540700,        -0.832224,        -0.368822,         0.413974,        -0.131028,         0.856334,         0.499524,        -0.538735,         0.361473,        -0.760987
2009-10-01T21:26:33.791, 179697695.909876,  36689993.977671, -15760840.636944, -31681392.640558, -14040371.934515,  15759591.549025,        11.035030,         4.593927,        -3.793543,  38062080.000000,       -13.400000,        59.000000,        12.540600,        -0.832223,        -0.368822,         0.413975,        -0.131034,         0.856339,         0.499514,        -0.538735,         0.361462,        -0.760993
2009-10-01T21:27:05.791, 179697183.021632,  36690785.304995, -15760719.287598, -31681039.520629, -14040224.928910,  15759470.155472,        11.034966,         4.593923,        -3.793554,  38061682.000000,       -13.400000,        58.800000,        12.540600,        -0.832222,        -0.368822,         0.413976,        -0.131041,         0.856343,         0.499504,        -0.538734,         0.361451,        -0.760999
2009-10-01T21:27:37.791, 179696670.129473,  36691576.631519, -15760597.937909, -31680686.402747, -14040077.923432,  15759348.761578,        11.034902,         4.593919,        -3.793565,  38061283.000000,       -13.400000,        58.700000,        12.540500,        -0.832222,        -0.368822,         0.413978,        -0.131047,         0.856348,         0.499495,        -0.538733,         0.361440,        -0.761004
2009-10-01T21:28:09.791, 179696157.233398,  36692367.957244, -15760476.587877, -31680333.286910, -14039930.918082,  15759227.367342,        11.034838,         4.593915,        -3.793575,  38060885.000000,       -13.400000,        58.500000,        12.540500,        -0.832221,        -0.368822,         0.413979,        -0.131053,         0.856353,         0.499485,        -0.538733,         0.361429,        -0.761010
2009-10-01T21:28:41.791, 179695644.333409,  36693159.282169, -15760355.237501, -31679980.173120, -14039783.912859,  15759105.972765,        11.034774,         4.593911,        -3.793586,  38060487.000000,       -13.400000,        58.400000,        12.540400,        -0.832221,        -0.368822,         0.413980,        -0.131059,         0.856357,         0.499475,        -0.538732,         0.361418,        -0.761016
2009-10-01T21:29:13.791, 179695131.429504,  36693950.606294, -15760233.886781, -31679627.061375, -14039636.907764,  15758984.577846,        11.034710,         4.593907,        -3.793597,  38060088.000000,       -13.400000,        58.300000,        12.540300,        -0.832220,        -0.368822,         0.413981,        -0.131066,         0.856362,         0.499466,        -0.538731,         0.361407,        -0.761022
2009-10-01T21:29:45.791, 179694618.521685,  36694741.929619, -15760112.535718, -31679273.951677, -14039489.902797,  15758863.182585,        11.034646,         4.593903,        -3.793607,  38059690.000000,       -13.400000,        58.100000,        12.540300,        -0.832220,        -0.368822,         0.413982,        -0.131072,         0.856367,         0.499456,        -0.538731,         0.361396,        -0.761027
2009-10-01T21:30:17.791, 179694105.609950,  36695533.252145, -15759991.184312, -31678920.844024, -14039342.897958,  15758741.786984,        11.034582,         4.593899,        -3.793618,  38059292.000000,       -13.400000,        58.000000,        12.540200,        -0.832219,        -0.368822,         0.413983,        -0.131078,         0.856371,         0.499446,        -0.538730,         0.361384,        -0.761033
2009-10-01T21:30:49.791, 179693592.694300,  36696324.573871, -15759869.832562, -31678567.738418, -14039195.893246,  15758620.391040,        11.034518,         4.593895,        -3.793629,  38058893.000000,       -13.400000,        57.900000,        12.540200,        -0.832218,        -0.368822,         0.413984,        -0.131085,         0.856376,         0.499437,        -0.538729,         0.361373,        -0.761039
2009-10-01T21:31:21.791, 179693079.774735,  36697115.894798, -15759748.480468, -31678214.634857, -14039048.888662,  15758498.994755,        11.034454,         4.593891,        -3.793639,  38058495.000000,       -13.400000,        57.700000,        12.540100,        -0.832218,        -0.368822,         0.413986,        -0.131091,         0.856381,         0.499427,        -0.538729,         0.361362,        -0.761044
2009-10-01T21:31:53.791, 179692566.851254,  36697907.214925, -15759627.128031, -31677861.533342, -14038901.884206,  15758377.598129,        11.034390,         4.593887,        -3.793650,  38058097.000000,       -13.400000,        57.600000,        12.540100,        -0.832217,        -0.368822,         0.413987,        -0.131097,         0.856385,         0.499417,        -0.538728,         0.361351,        -0.761050
2009-10-01T21:32:25.791, 179692053.923859,  36698698.534251, -15759505.775251, -31677508.433874, -14038754.879877,  15758256.201161,        11.034326,         4.593883,        -3.793661,  38057698.000000,       -13.400000,        57.500000,        12.540000,        -0.832217,        -0.368822,         0.413988,        -0.131103,         0.856390,         0.499408,        -0.538727,         0.361340,        -0.761056
2009-10-01T21:32:57.791, 179691540.992548,  36699489.852779, -15759384.422127, -31677155.336451, -14038607.875676,  15758134.803852,        11.034262,         4.593879,        -3.793671,  38057300.000000,       -13.400000,        57.300000,        12.540000,        -0.832216,        -0.368822,         0.413989,        -0.131110,         0.856395,         0.499398,        -0.538727,         0.361329,        -0.761062
2009-10-01T21:33:29.791, 179691028.057322,  36700281.170506, -15759263.068660, -31676802.241074, -14038460.871603,  15758013.406201,        11.034199,         4.593875,        -3.793682,  38056902.000000,       -13.400000,        57.200000,        12.539900,        -0.832216,        -0.368822,         0.413990,        -0.131116,         0.856399,         0.499388,        -0.538726,         0.361318,        -0.761067
2009-10-01T21:34:01.791, 179690515.118181,  36701072.487433, -15759141.714849, -31676449.147743, -14038313.867658,  15757892.008209,        11.034135,         4.593871,        -3.793693,  38056503.000000,       -13.400000,        57.100000,        12.539900,        -0.832215,        -0.368822,         0.413991,        -0.131122,         0.856404,         0.499379,        -0.538725,         0.361307,        -0.761073
2009-10-01T21:34:33.791, 179690002.175125,  36701863.803561, -15759020.360695, -31676096.056457, -14038166.863841,  15757770.609875,        11.034071,         4.593867,        -3.793703,  38056105.000000,       -13.400000,        56.900000,        12.539800,        -0.832214,        -0.368822,         0.413992,        -0.131129,         0.856409,         0.499369,        -0.538725,         0.361296,        -0.761079
2009-10-01T21:35:05.791, 179689489.228153,  36702655.118888, -15758899.006197, -31675742.967218, -14038019.860152,  15757649.211200,        11.034007,         4.593863,        -3.793714,  38055707.000000,       -13.400000,        56.800000,        12.539700,        -0.832214,        -0.368822,         0.413994,        -0.131135,         0.856413,         0.499359,        -0.538724,         0.361285,        -0.761085
2009-10-01T21:35:37.791, 179688976.277267,  36703446.433416, -15758777.651356, -31675389.880024, -14037872.856590,  15757527.812183,        11.033943,         4.593859,        -3.793725,  38055308.000000,       -13.400000,        56.700000,        12.539700,        -0.832213,        -0.368822,         0.413995,        -0.131141,         0.856418,         0.499350,        -0.538723,         0.361274,        -0.761090
2009-10-01T21:36:09.791, 179688463.322464,  36704237.747144, -15758656.296171, -31675036.794876, -14037725.853156,  15757406.412825,        11.033879,         4.593855,        -3.793735,  38054910.000000,       -13.400000,        56.500000,        12.539600,        -0.832213,        -0.368822,         0.413996,        -0.131147,         0.856423,         0.499340,        -0.538723,         0.361263,        -0.761096
2009-10-01T21:36:41.791, 179687950.363747,  36705029.060072, -15758534.940643, -31674683.711774, -14037578.849850,  15757285.013125,        11.033815,         4.593851,        -3.793746,  38054512.000000,       -13.400000,        56.400000,        12.539600,        -0.832212,        -0.368822,         0.413997,        -0.131154,         0.856427,         0.499330,        -0.538722,         0.361251,        -0.761102
2009-10-01T21:37:13.791, 179687437.401114,  36705820.372200, -15758413.584771, -31674330.630718, -14037431.846672,  15757163.613084,        11.033751,         4.593847,        -3.793757,  38054113.000000,       -13.400000,        56.300000,        12.539500,        -0.832212,        -0.368822,         0.413998,        -0.131160,         0.856432,         0.499321,        -0.538721,         0.361240,        -0.761107
2009-10-01T21:37:45.791, 179686924.434566,  36706611.683528, -15758292.228556, -31673977.551707, -14037284.843622,  15757042.212701,        11.033687,         4.593843,        -3.793767,  38053715.000000,       -13.400000,        56.100000,        12.539500,        -0.832211,        -0.368822,         0.413999,        -0.131166,         0.856437,         0.499311,        -0.538721,         0.361229,        -0.761113
2009-10-01T21:38:17.791, 179686411.464103,  36707402.994055, -15758170.871997, -31673624.474742, -14037137.840700,  15756920.811977,        11.033623,         4.593839,        -3.793778,  38053317.000000,       -13.400000,        56.000000,        12.539400,        -0.832211,        -0.368822,         0.414000,        -0.131173,         0.856442,         0.499301,        -0.538720,         0.361218,        -0.761119
2009-10-01T21:38:49.791, 179685898.489724,  36708194.303783, -15758049.515095, -31673271.399823, -14036990.837906,  15756799.410911,        11.033559,         4.593835,        -3.793789,  38052918.000000,       -13.400000,        55.900000,        12.539400,        -0.832210,        -0.368822,         0.414002,        -0.131179,         0.856446,         0.499291,        -0.538720,         0.361207,        -0.761125
2009-10-01T21:39:21.791, 179685385.511430,  36708985.612711, -15757928.157850, -31672918.326949, -14036843.835239,  15756678.009504,        11.033495,         4.593831,        -3.793799,  38052520.000000,       -13.400000,        55.700000,        12.539300,        -0.832209,        -0.368822,         0.414003,        -0.131185,         0.856451,         0.499282,        -0.538719,         0.361196,        -0.761130
2009-10-01T21:39:53.791, 179684872.529221,  36709776.920839, -15757806.800261, -31672565.256121, -14036696.832701,  15756556.607755,        11.033431,         4.593827,        -3.793810,  38052122.000000,       -13.400000,        55.600000,        12.539300,        -0.832209,        -0.368822,         0.414004,        -0.131191,         0.856456,         0.499272,        -0.538718,         0.361185,        -0.761136
2009-10-01T21:40:25.791, 179684359.543096,  36710568.228166, -15757685.442328, -31672212.187339, -14036549.830291,  15756435.205665,        11.033367,         4.593823,        -3.793821,  38051723.000000,       -13.400000,        55.500000,        12.539200,        -0.832208,        -0.368822,         0.414005,        -0.131198,         0.856460,         0.499262,        -0.538718,         0.361174,        -0.761142
2009-10-01T21:40:57.791, 179683846.553056,  36711359.534694, -15757564.084052, -31671859.120603, -14036402.828008,  15756313.803233,        11.033304,         4.593819,        -3.793831,  38051325.000000,       -13.400000,        55.300000,        12.539100,        -0.832208,        -0.368822,         0.414006,        -0.131204,         0.856465,         0.499253,        -0.538717,         0.361163,        -0.761148
2009-10-01T21:41:29.791, 179683333.559101,  36712150.840421, -15757442.725433, -31671506.055912, -14036255.825854,  15756192.400460,        11.033240,         4.593815,        -3.793842,  38050927.000000,       -13.400000,        55.200000,        12.539100,        -0.832207,        -0.368822,         0.414007,        -0.131210,         0.856470,         0.499243,        -0.538716,         0.361152,        -0.761153
2009-10-01T21:42:01.791, 179682820.561230,  36712942.145348, -15757321.366470, -31671152.993266, -14036108.823828,  15756070.997345,        11.033176,         4.593811,        -3.793853,  38050529.000000,       -13.400000,        55.100000,        12.539000,        -0.832207,        -0.368822,         0.414008,        -0.131217,         0.856474,         0.499233,        -0.538716,         0.361141,        -0.761159
2009-10-01T21:42:33.791, 179682307.559444,  36713733.449475, -15757200.007164, -31670799.932667, -14035961.821929,  15755949.593889,        11.033112,         4.593807,        -3.793863,  38050130.000000,       -13.400000,        54.900000,        12.539000,        -0.832206,        -0.368822,         0.414010,        -0.131223,         0.856479,         0.499224,        -0.538715,         0.361129,        -0.761165
2009-10-01T21:43:05.791, 179681794.553743,  36714524.752800, -15757078.647514, -31670446.874113, -14035814.820159,  15755828.190092,        11.033048,         4.593803,        -3.793874,  38049732.000000,       -13.400000,        54.800000,        12.538900,        -0.832205,        -0.368822,         0.414011,        -0.131229,         0.856484,         0.499214,        -0.538714,         0.361118,        -0.761170
2009-10-01T21:43:37.791, 179681281.544126,  36715316.055327, -15756957.287521, -31670093.817605, -14035667.818517,  15755706.785952,        11.032984,         4.593799,        -3.793885,  38049334.000000,       -13.400000,        54.700000,        12.538900,        -0.832205,        -0.368822,         0.414012,        -0.131235,         0.856488,         0.499204,        -0.538714,         0.361107,        -0.761176
2009-10-01T21:44:09.791, 179680768.530594,  36716107.357053, -15756835.927184, -31669740.763141, -14035520.817003,  15755585.381472,        11.032920,         4.593795,        -3.793895,  38048935.000000,       -13.400000,        54.500000,        12.538800,        -0.832204,        -0.368822,         0.414013,        -0.131242,         0.856493,         0.499195,        -0.538713,         0.361096,        -0.761182
2009-10-01T21:44:41.791, 179680255.513146,  36716898.657979, -15756714.566504, -31669387.710724, -14035373.815617,  15755463.976650,        11.032856,         4.593791,        -3.793906,  38048537.000000,       -13.400000,        54.400000,        12.538800,        -0.832204,        -0.368822,         0.414014,        -0.131248,         0.856498,         0.499185,        -0.538712,         0.361085,        -0.761188
2009-10-01T21:45:13.791, 179679742.491782,  36717689.958104, -15756593.205480, -31669034.660352, -14035226.814359,  15755342.571486,        11.032792,         4.593787,        -3.793917,  38048139.000000,       -13.400000,        54.300000,        12.538700,        -0.832203,        -0.368822,         0.414015,        -0.131254,         0.856502,         0.499175,        -0.538712,         0.361074,        -0.761193
2009-10-01T21:45:45.791, 179679229.466504,  36718481.257430, -15756471.844113, -31668681.612025, -14035079.813229,  15755221.165981,        11.032728,         4.593783,        -3.793927,  38047740.000000,       -13.400000,        54.100000,        12.538700,        -0.832203,        -0.368822,         0.414016,        -0.131261,         0.856507,         0.499166,        -0.538711,         0.361063,        -0.761199
2009-10-01T21:46:17.791, 179678716.437309,  36719272.555955, -15756350.482402, -31668328.565744, -14034932.812227,  15755099.760135,        11.032664,         4.593779,        -3.793938,  38047342.000000,       -13.400000,        54.000000,        12.538600,        -0.832202,        -0.368822,         0.414018,        -0.131267,         0.856512,         0.499156,        -0.538710,         0.361052,        -0.761205
2009-10-01T21:46:49.791, 179678203.404199,  36720063.853679, -15756229.120348, -31667975.521508, -14034785.811353,  15754978.353947,        11.032600,         4.593775,        -3.793949,  38046944.000000,       -13.400000,        53.900000,        12.538500,        -0.832201,        -0.368822,         0.414019,        -0.131273,         0.856516,         0.499146,        -0.538710,         0.361041,        -0.761211
2009-10-01T21:47:21.791, 179677690.367174,  36720855.150603, -15756107.757951, -31667622.479318, -14034638.810608,  15754856.947417,        11.032536,         4.593771,        -3.793959,  38046546.000000,       -13.400000,        53.700000,        12.538500,        -0.832201,        -0.368822,         0.414020,        -0.131279,         0.856521,         0.499137,        -0.538709,         0.361030,        -0.761216
2009-10-01T21:47:53.791, 179677177.326233,  36721646.446727, -15755986.395210, -31667269.439173, -14034491.809991,  15754735.540546,        11.032473,         4.593767,        -3.793970,  38046147.000000,       -13.400000,        53.600000,        12.538400,        -0.832200,        -0.368822,         0.414021,        -0.131286,         0.856526,         0.499127,        -0.538708,         0.361019,        -0.761222
2009-10-01T21:48:25.791, 179676664.281377,  36722437.742050, -15755865.032125, -31666916.401074, -14034344.809502,  15754614.133334,        11.032409,         4.593763,        -3.793981,  38045749.000000,       -13.400000,        53.500000,        12.538400,        -0.832200,        -0.368821,         0.414022,        -0.131292,         0.856530,         0.499117,        -0.538708,         0.361007,        -0.761228
2009-10-01T21:48:57.791, 179676151.232605,  36723229.036573, -15755743.668697, -31666563.365020, -14034197.809141,  15754492.725780,        11.032345,         4.593759,        -3.793991,  38045351.000000,       -13.400000,        53.300000,        12.538300,        -0.832199,        -0.368821,         0.414023,        -0.131298,         0.856535,         0.499108,        -0.538707,         0.360996,        -0.761233
2009-10-01T21:49:29.791, 179675638.179917,  36724020.330295, -15755622.304926, -31666210.331011, -14034050.808908,  15754371.317884,        11.032281,         4.593755,        -3.794002,  38044952.000000,       -13.400000,        53.200000,        12.538300,        -0.832199,        -0.368821,         0.414024,        -0.131305,         0.856540,         0.499098,        -0.538706,         0.360985,        -0.761239
2009-10-01T21:50:01.791, 179675125.123314,  36724811.623217, -15755500.940811, -31665857.299048, -14033903.808804,  15754249.909648,        11.032217,         4.593751,        -3.794013,  38044554.000000,       -13.400000,        53.100000,        12.538200,        -0.832198,        -0.368821,         0.414026,        -0.131311,         0.856544,         0.499088,        -0.538706,         0.360974,        -0.761245
2009-10-01T21:50:33.791, 179674612.062796,  36725602.915339, -15755379.576353, -31665504.269130, -14033756.808827,  15754128.501069,        11.032153,         4.593747,        -3.794023,  38044156.000000,       -13.400000,        52.900000,        12.538200,        -0.832197,        -0.368821,         0.414027,        -0.131317,         0.856549,         0.499079,        -0.538705,         0.360963,        -0.761251
2009-10-01T21:51:05.791, 179674098.998361,  36726394.206659, -15755258.211551, -31665151.241257, -14033609.808979,  15754007.092149,        11.032089,         4.593743,        -3.794034,  38043758.000000,       -13.400000,        52.800000,        12.538100,        -0.832197,        -0.368821,         0.414028,        -0.131324,         0.856554,         0.499069,        -0.538704,         0.360952,        -0.761256
2009-10-01T21:51:37.791, 179673585.930012,  36727185.497180, -15755136.846406, -31664798.215430, -14033462.809260,  15753885.682888,        11.032025,         4.593739,        -3.794045,  38043359.000000,       -13.400000,        52.700000,        12.538100,        -0.832196,        -0.368821,         0.414029,        -0.131330,         0.856558,         0.499059,        -0.538704,         0.360941,        -0.761262
2009-10-01T21:52:09.791, 179673072.857746,  36727976.786899, -15755015.480917, -31664445.191648, -14033315.809668,  15753764.273286,        11.031961,         4.593735,        -3.794055,  38042961.000000,       -13.400000,        52.500000,        12.538000,        -0.832196,        -0.368821,         0.414030,        -0.131336,         0.856563,         0.499050,        -0.538703,         0.360930,        -0.761268
2009-10-01T21:52:41.791, 179672559.781565,  36728768.075818, -15754894.115085, -31664092.169911, -14033168.810205,  15753642.863341,        11.031897,         4.593731,        -3.794066,  38042563.000000,       -13.400000,        52.400000,        12.537900,        -0.832195,        -0.368821,         0.414031,        -0.131342,         0.856568,         0.499040,        -0.538702,         0.360919,        -0.761273
2009-10-01T21:53:13.791, 179672046.701468,  36729559.363937, -15754772.748910, -31663739.150219, -14033021.810870,  15753521.453056,        11.031833,         4.593727,        -3.794077,  38042165.000000,       -13.400000,        52.300000,        12.537900,        -0.832195,        -0.368821,         0.414032,        -0.131349,         0.856572,         0.499030,        -0.538702,         0.360908,        -0.761279
2009-10-01T21:53:45.791, 179671533.617456,  36730350.651254, -15754651.382391, -31663386.132573, -14032874.811664,  15753400.042429,        11.031769,         4.593723,        -3.794087,  38041766.000000,       -13.400000,        52.100000,        12.537800,        -0.832194,        -0.368821,         0.414034,        -0.131355,         0.856577,         0.499021,        -0.538701,         0.360897,        -0.761285
2009-10-01T21:54:17.791, 179671020.529528,  36731141.937772, -15754530.015528, -31663033.116972, -14032727.812586,  15753278.631460,        11.031706,         4.593719,        -3.794098,  38041368.000000,       -13.400000,        52.000000,        12.537800,        -0.832193,        -0.368821,         0.414035,        -0.131361,         0.856582,         0.499011,        -0.538700,         0.360885,        -0.761291
2009-10-01T21:54:49.791, 179670507.437685,  36731933.223488, -15754408.648322, -31662680.103416, -14032580.813636,  15753157.220150,        11.031642,         4.593715,        -3.794109,  38040970.000000,       -13.400000,        51.900000,        12.537700,        -0.832193,        -0.368821,         0.414036,        -0.131368,         0.856586,         0.499001,        -0.538700,         0.360874,        -0.761296
2009-10-01T21:55:21.791, 179669994.341925,  36732724.508404, -15754287.280773, -31662327.091905, -14032433.814815,  15753035.808498,        11.031578,         4.593711,        -3.794119,  38040572.000000,       -13.400000,        51.700000,        12.537700,        -0.832192,        -0.368821,         0.414037,        -0.131374,         0.856591,         0.498991,        -0.538699,         0.360863,        -0.761302
2009-10-01T21:55:53.791, 179669481.242250,  36733515.792518, -15754165.912880, -31661974.082440, -14032286.816122,  15752914.396505,        11.031514,         4.593707,        -3.794130,  38040173.000000,       -13.400000,        51.600000,        12.537600,        -0.832192,        -0.368821,         0.414038,        -0.131380,         0.856596,         0.498982,        -0.538699,         0.360852,        -0.761308
2009-10-01T21:56:25.791, 179668968.138660,  36734307.075833, -15754044.544644, -31661621.075019, -14032139.817557,  15752792.984171,        11.031450,         4.593703,        -3.794141,  38039775.000000,       -13.400000,        51.500000,        12.537600,        -0.832191,        -0.368821,         0.414039,        -0.131386,         0.856601,         0.498972,        -0.538698,         0.360841,        -0.761314
2009-10-01T21:56:57.791, 179668455.031153,  36735098.358346, -15753923.176064, -31661268.069644, -14031992.819121,  15752671.571495,        11.031386,         4.593699,        -3.794151,  38039377.000000,       -13.400000,        51.300000,        12.537500,        -0.832191,        -0.368821,         0.414040,        -0.131393,         0.856605,         0.498962,        -0.538697,         0.360830,        -0.761319
2009-10-01T21:57:29.791, 179667941.919731,  36735889.640058, -15753801.807141, -31660915.066314, -14031845.820813,  15752550.158478,        11.031322,         4.593695,        -3.794162,  38038979.000000,       -13.400000,        51.200000,        12.537500,        -0.832190,        -0.368821,         0.414042,        -0.131399,         0.856610,         0.498953,        -0.538697,         0.360819,        -0.761325
2009-10-01T21:58:01.791, 179667428.804393,  36736680.920970, -15753680.437875, -31660562.065029, -14031698.822634,  15752428.745119,        11.031258,         4.593691,        -3.794173,  38038580.000000,       -13.400000,        51.100000,        12.537400,        -0.832190,        -0.368821,         0.414043,        -0.131405,         0.856615,         0.498943,        -0.538696,         0.360808,        -0.761331
2009-10-01T21:58:33.791, 179666915.685140,  36737472.201081, -15753559.068265, -31660209.065788, -14031551.824583,  15752307.331418,        11.031194,         4.593687,        -3.794183,  38038182.000000,       -13.400000,        50.900000,        12.537300,        -0.832189,        -0.368821,         0.414044,        -0.131412,         0.856619,         0.498933,        -0.538695,         0.360797,        -0.761336
2009-10-01T21:59:05.791, 179666402.561970,  36738263.480391, -15753437.698311, -31659856.068593, -14031404.826660,  15752185.917377,        11.031130,         4.593683,        -3.794194,  38037784.000000,       -13.400000,        50.800000,        12.537300,        -0.832188,        -0.368821,         0.414045,        -0.131418,         0.856624,         0.498924,        -0.538695,         0.360786,        -0.761342
2009-10-01T21:59:37.791, 179665889.434885,  36739054.758900, -15753316.328014, -31659503.073444, -14031257.828866,  15752064.502993,        11.031066,         4.593679,        -3.794205,  38037386.000000,       -13.400000,        50.700000,        12.537200,        -0.832188,        -0.368821,         0.414046,        -0.131424,         0.856629,         0.498914,        -0.538694,         0.360775,        -0.761348
2009-10-01T22:02:17.791, 179663323.740723,  36743011.139431, -15752709.471378, -31657738.128369, -14030522.841824,  15751457.425956,        11.030747,         4.593659,        -3.794258,  38035394.000000,       -13.400000,        50.000000,        12.537000,        -0.832185,        -0.368821,         0.414052,        -0.131456,         0.856652,         0.498866,        -0.538691,         0.360719,        -0.761377
2009-10-01T22:02:49.791, 179662810.590143,  36743802.413135, -15752588.099020, -31657385.145489, -14030375.844801,  15751336.009524,        11.030683,         4.593655,        -3.794269,  38034996.000000,       -13.400000,        49.900000,        12.536900,        -0.832184,        -0.368821,         0.414053,        -0.131462,         0.856657,         0.498856,        -0.538690,         0.360708,        -0.761382
2009-10-01T22:07:05.791, 179658705.244531,  36750132.573921, -15751617.107796, -31654561.356065, -14029199.873249,  15750364.665776,        11.030172,         4.593623,        -3.794354,  38031810.000000,       -13.400000,        48.800000,        12.536500,        -0.832180,        -0.368821,         0.414062,        -0.131512,         0.856694,         0.498778,        -0.538685,         0.360619,        -0.761428
2009-10-01T22:07:37.791, 179658192.058708,  36750923.840414, -15751495.732347, -31654208.391589, -14029052.877384,  15750243.246271,        11.030108,         4.593619,        -3.794365,  38031412.000000,       -13.400000,        48.700000,        12.536400,        -0.832179,        -0.368821,         0.414063,        -0.131518,         0.856699,         0.498769,        -0.538684,         0.360608,        -0.761434
2009-10-01T22:11:53.791, 179654086.431149,  36757253.943512, -15750524.716396, -31651384.749389, -14027876.915098,  15749271.877939,        11.029597,         4.593587,        -3.794450,  38028226.000000,       -13.400000,        47.600000,        12.536000,        -0.832175,        -0.368821,         0.414072,        -0.131569,         0.856736,         0.498691,        -0.538679,         0.360519,        -0.761480
2009-10-01T22:12:25.791, 179653573.210082,  36758045.202793, -15750403.337856, -31651031.803315, -14027729.920392,  15749150.455361,        11.029533,         4.593583,        -3.794461,  38027828.000000,       -13.400000,        47.500000,        12.535900,        -0.832174,        -0.368821,         0.414074,        -0.131575,         0.856741,         0.498682,        -0.538678,         0.360508,        -0.761485
2009-10-01T22:16:41.791, 179649467.300568,  36764375.248187, -15749432.297178, -31648208.308329, -14026553.967381,  15748179.062446,        11.029022,         4.593550,        -3.794546,  38024643.000000,       -13.400000,        46.400000,        12.535500,        -0.832170,        -0.368821,         0.414083,        -0.131625,         0.856778,         0.498604,        -0.538673,         0.360419,        -0.761531
2009-10-01T22:17:13.791, 179648954.044256,  36765166.500255, -15749310.915548, -31647855.380656, -14026406.973835,  15748057.636795,        11.028958,         4.593546,        -3.794557,  38024244.000000,       -13.400000,        46.300000,        12.535400,        -0.832169,        -0.368821,         0.414084,        -0.131632,         0.856783,         0.498594,        -0.538672,         0.360408,        -0.761537
2009-10-01T22:22:33.791, 179643821.265747,  36773078.976834, -15748097.080357, -31644326.216370, -14024937.045467,  15746843.361509,        11.028319,         4.593506,        -3.794664,  38020263.000000,       -13.400000,        44.900000,        12.534900,        -0.832163,        -0.368821,         0.414095,        -0.131695,         0.856829,         0.498498,        -0.538666,         0.360297,        -0.761594
2009-10-01T22:23:05.791, 179643307.966357,  36773870.220082, -15747975.694950, -31643973.311185, -14024790.053340,  15746721.932102,        11.028255,         4.593502,        -3.794674,  38019864.000000,       -13.400000,        44.800000,        12.534800,        -0.832163,        -0.368821,         0.414096,        -0.131701,         0.856834,         0.498488,        -0.538665,         0.360286,        -0.761600
2009-10-01T22:24:41.791, 179641768.044689,  36776243.945014, -15747611.536666, -31642914.607897, -14024349.077734,  15746357.641834,        11.028063,         4.593490,        -3.794706,  38018670.000000,       -13.400000,        44.400000,        12.534700,        -0.832161,        -0.368821,         0.414100,        -0.131720,         0.856848,         0.498459,        -0.538663,         0.360253,        -0.761617
2009-10-01T22:25:13.791, 179641254.729633,  36777035.185055, -15747490.149884, -31642561.710889, -14024202.086124,  15746236.211062,        11.028000,         4.593486,        -3.794717,  38018272.000000,       -13.400000,        44.200000,        12.534600,        -0.832161,        -0.368821,         0.414101,        -0.131726,         0.856853,         0.498449,        -0.538662,         0.360242,        -0.761623
2009-10-01T22:26:49.791, 179639714.760969,  36779408.900364, -15747125.987479, -31641503.032131, -14023761.112068,  15745871.916697,        11.027808,         4.593474,        -3.794749,  38017077.000000,       -13.400000,        43.800000,        12.534500,        -0.832159,        -0.368821,         0.414104,        -0.131745,         0.856867,         0.498420,        -0.538660,         0.360209,        -0.761640
2009-10-01T22:27:21.791, 179639201.430248,  36780200.137197, -15747004.599324, -31641150.143300, -14023614.120974,  15745750.484559,        11.027744,         4.593470,        -3.794760,  38016679.000000,       -13.400000,        43.700000,        12.534400,        -0.832158,        -0.368821,         0.414106,        -0.131751,         0.856871,         0.498410,        -0.538660,         0.360197,        -0.761645
2009-10-01T22:28:57.791, 179637661.414588,  36782573.842881, -15746640.432798, -31640091.489072, -14023173.148469,  15745386.186097,        11.027552,         4.593458,        -3.794792,  38015485.000000,       -13.400000,        43.300000,        12.534200,        -0.832157,        -0.368821,         0.414109,        -0.131770,         0.856885,         0.498381,        -0.538658,         0.360164,        -0.761663
2009-10-01T22:29:29.791, 179637148.068202,  36783365.076505, -15746519.043269, -31639738.608418, -14023026.157892,  15745264.752594,        11.027489,         4.593454,        -3.794802,  38015086.000000,       -13.400000,        43.200000,        12.534200,        -0.832156,        -0.368821,         0.414110,        -0.131776,         0.856890,         0.498372,        -0.538657,         0.360153,        -0.761668
2009-10-01T22:31:37.791, 179635094.643492,  36786530.002980, -15746033.481720, -31638327.106241, -14022438.196878,  15744779.015166,        11.027233,         4.593437,        -3.794845,  38013494.000000,       -13.400000,        42.600000,        12.534000,        -0.832154,        -0.368821,         0.414115,        -0.131802,         0.856909,         0.498333,        -0.538654,         0.360109,        -0.761691
2009-10-01T22:32:09.791, 179634581.277524,  36787321.232593, -15745912.090475, -31637974.235807, -14022291.206948,  15744657.579955,        11.027169,         4.593433,        -3.794856,  38013096.000000,       -13.400000,        42.500000,        12.533900,        -0.832153,        -0.368821,         0.414116,        -0.131808,         0.856913,         0.498323,        -0.538654,         0.360097,        -0.761697
2009-10-01T22:34:17.791, 179632527.774485,  36790486.143023, -15745426.522057, -31636562.774510, -14021703.248522,  15744171.835699,        11.026914,         4.593417,        -3.794898,  38011503.000000,       -13.400000,        42.000000,        12.533700,        -0.832151,        -0.368821,         0.414120,        -0.131833,         0.856932,         0.498284,        -0.538651,         0.360053,        -0.761720
2009-10-01T22:34:49.791, 179632014.388934,  36791277.368624, -15745305.129095, -31636209.914296, -14021556.259238,  15744050.398781,        11.026850,         4.593413,        -3.794909,  38011105.000000,       -13.400000,        41.800000,        12.533600,        -0.832150,        -0.368821,         0.414122,        -0.131839,         0.856937,         0.498275,        -0.538650,         0.360042,        -0.761725
