2010-07-07T16:13:21.485, -398354840.025486, -61222756.141546,  20679593.776624,  -3859329.762162,    110506.917921,     59950.401915,        14.989018,        -0.440905,        -0.230472,   3861323.000000,        35.500000,        23.900000,        14.997300,         0.019067,         0.981974,        -0.188053,        -0.022142,        -0.187626,        -0.981991,        -0.999573,         0.022887,         0.018165
2010-07-07T16:13:53.485, -398355178.531673, -61223265.698819,  20679589.259864,  -3858850.113601,    110492.808969,     59943.026806,        14.989017,        -0.440905,        -0.230472,   3860843.000000,        35.500000,        23.500000,        14.997300,         0.019067,         0.981974,        -0.188052,        -0.022142,        -0.187625,        -0.981991,        -0.999573,         0.022887,         0.018165
2010-07-07T16:17:37.485, -398357548.051922, -61226832.596179,  20679557.641344,  -3855492.574091,    110394.046197,     59891.401075,        14.989014,        -0.440906,        -0.230472,   3857483.000000,        35.500000,        20.800000,        14.997300,         0.019066,         0.981976,        -0.188042,        -0.022142,        -0.187615,        -0.981993,        -0.999573,         0.022886,         0.018165
2010-07-07T16:18:09.485, -398357886.551521, -61227342.152438,  20679553.124241,  -3855012.925649,    110379.937215,     59884.025975,        14.989014,        -0.440906,        -0.230472,   3857003.000000,        35.500000,        20.400000,        14.997300,         0.019066,         0.981976,        -0.188040,        -0.022142,        -0.187614,        -0.981993,        -0.999573,         0.022886,         0.018166
2010-07-07T16:21:53.485, -398360256.025653, -61230909.042705,  20679521.503327,  -3851655.386982,    110281.174234,     59832.400304,        14.989010,        -0.440907,        -0.230472,   3853644.000000,        35.500000,        17.700000,        14.997300,         0.019065,         0.981978,        -0.188030,        -0.022141,        -0.187604,        -0.981995,        -0.999573,         0.022885,         0.018166
2010-07-07T16:22:25.485, -398360594.518663, -61231418.597951,  20679516.985882,  -3851175.738660,    110267.065222,     59825.025213,        14.989010,        -0.440907,        -0.230472,   3853164.000000,        35.500000,        17.300000,        14.997300,         0.019065,         0.981978,        -0.188029,        -0.022141,        -0.187602,        -0.981996,        -0.999573,         0.022885,         0.018166
2010-07-07T16:26:09.485, -398362963.946680, -61234985.481126,  20679485.362574,  -3847818.200832,    110168.302034,     59773.399601,        14.989007,        -0.440907,        -0.230471,   3849804.000000,        35.500000,        14.500000,        14.997300,         0.019065,         0.981980,        -0.188019,        -0.022141,        -0.187592,        -0.981997,        -0.999573,         0.022885,         0.018166
2010-07-07T16:26:41.485, -398363302.433102, -61235495.035359,  20679480.844787,  -3847338.552630,    110154.192992,     59766.024518,        14.989006,        -0.440908,        -0.230471,   3849324.000000,        35.500000,        14.100000,        14.997300,         0.019065,         0.981981,        -0.188017,        -0.022141,        -0.187591,        -0.981998,        -0.999573,         0.022884,         0.018166
2010-07-07T16:30:25.485, -398365671.815004, -61239061.911441,  20679449.219084,  -3843981.015641,    110055.429596,     59714.398965,        14.989003,        -0.440908,        -0.230471,   3845965.000000,        35.500000,        11.400000,        14.997300,         0.019064,         0.981983,        -0.188007,        -0.022141,        -0.187581,        -0.982000,        -0.999573,         0.022884,         0.018166
2010-07-07T16:30:57.485, -398366010.294838, -61239571.464659,  20679444.700955,  -3843501.367561,    110041.320524,     59707.023891,        14.989002,        -0.440909,        -0.230471,   3845485.000000,        35.500000,        11.000000,        14.997300,         0.019064,         0.981983,        -0.188006,        -0.022141,        -0.187579,        -0.982000,        -0.999573,         0.022884,         0.018166
2010-07-07T16:34:41.485, -398368379.630625, -61243138.333648,  20679413.072858,  -3840143.831410,    109942.556920,     59655.398398,        14.988999,        -0.440909,        -0.230471,   3842125.000000,        35.500000,         8.300000,        14.997300,         0.019064,         0.981985,        -0.187996,        -0.022140,        -0.187569,        -0.982002,        -0.999573,         0.022883,         0.018166
2010-07-07T16:35:13.485, -398368718.103872, -61243647.885854,  20679408.554388,  -3839664.183449,    109928.447819,     59648.023331,        14.988999,        -0.440909,        -0.230471,   3841646.000000,        35.500000,         7.900000,        14.997300,         0.019064,         0.981985,        -0.187995,        -0.022140,        -0.187568,        -0.982002,        -0.999573,         0.022883,         0.018166
2010-07-07T16:43:13.485, -398373795.103766, -61251291.153743,  20679340.772198,  -3832469.465819,    109716.810857,     59537.397465,        14.988992,        -0.440911,        -0.230470,   3834447.000000,        35.500000,         2.000000,        14.997200,         0.019063,         0.981989,        -0.187973,        -0.022140,        -0.187547,        -0.982006,        -0.999573,         0.022881,         0.018166
2010-07-07T16:43:45.485, -398374133.563838, -61251800.703922,  20679336.253044,  -3831989.818096,    109702.701697,     59530.022416,        14.988991,        -0.440911,        -0.230470,   3833967.000000,        35.500000,         1.600000,        14.997200,         0.019063,         0.981989,        -0.187972,        -0.022140,        -0.187545,        -0.982006,        -0.999573,         0.022881,         0.018166
2010-07-07T16:47:29.485, -398376502.761287, -61255367.551629,  20679304.617764,  -3828632.284457,    109603.937470,     59478.397100,        14.988988,        -0.440912,        -0.230470,   3830607.000000,        35.500000,        -1.100000,        14.997200,         0.019062,         0.981991,        -0.187962,        -0.022139,        -0.187535,        -0.982008,        -0.999573,         0.022881,         0.018166
2010-07-07T16:48:01.485, -398376841.214772, -61255877.100795,  20679300.098268,  -3828152.636854,    109589.828280,     59471.022059,        14.988987,        -0.440912,        -0.230470,   3830128.000000,        35.500000,        -1.500000,        14.997200,         0.019062,         0.981992,        -0.187960,        -0.022139,        -0.187534,        -0.982009,        -0.999573,         0.022881,         0.018166
2010-07-07T16:51:45.485, -398379210.366110, -61259443.941407,  20679268.460595,  -3824795.104050,    109491.063847,     59419.396802,        14.988984,        -0.440913,        -0.230470,   3826768.000000,        35.500000,        -4.300000,        14.997200,         0.019062,         0.981994,        -0.187950,        -0.022139,        -0.187524,        -0.982010,        -0.999573,         0.022880,         0.018166
2010-07-07T16:52:17.485, -398379548.813007, -61259953.489559,  20679263.940756,  -3824315.456566,    109476.954627,     59412.021770,        14.988984,        -0.440913,        -0.230470,   3826288.000000,        35.500000,        -4.700000,        14.997200,         0.019061,         0.981994,        -0.187949,        -0.022139,        -0.187523,        -0.982011,        -0.999573,         0.022880,         0.018166
2010-07-07T17:00:17.485, -398384625.417664, -61267596.696638,  20679196.138047,  -3817120.746095,    109265.315891,     59301.396410,        14.988977,        -0.440915,        -0.230469,   3819090.000000,        35.500000,       -10.500000,        14.997200,         0.019060,         0.981998,        -0.187928,        -0.022139,        -0.187501,        -0.982015,        -0.999573,         0.022878,         0.018166
2010-07-07T17:00:49.485, -398384963.851388, -61268106.242763,  20679191.617525,  -3816641.098849,    109251.206612,     59294.021394,        14.988976,        -0.440915,        -0.230469,   3818610.000000,        35.500000,       -10.900000,        14.997200,         0.019060,         0.981998,        -0.187926,        -0.022139,        -0.187500,        -0.982015,        -0.999573,         0.022878,         0.018166
2010-07-07T17:04:33.485, -398387332.864398, -61271673.062089,  20679159.972670,  -3813283.568546,    109152.441559,     59242.396314,        14.988973,        -0.440916,        -0.230469,   3815251.000000,        35.500000,       -13.700000,        14.997200,         0.019060,         0.982000,        -0.187916,        -0.022138,        -0.187490,        -0.982017,        -0.999573,         0.022877,         0.018166
2010-07-07T17:05:05.486, -398387671.302110, -61272182.623124,  20679155.451665,  -3812803.906430,    109138.331810,     59235.021076,        14.988972,        -0.440916,        -0.230469,   3814771.000000,        35.500000,       -14.100000,        14.997200,         0.019060,         0.982000,        -0.187915,        -0.022138,        -0.187488,        -0.982017,        -0.999573,         0.022877,         0.018166
2010-07-07T17:08:49.486, -398390040.269012, -61275749.435355,  20679123.804416,  -3809446.376958,    109039.566550,     59183.396055,        14.988969,        -0.440917,        -0.230469,   3811412.000000,        35.500000,       -16.800000,        14.997200,         0.019059,         0.982002,        -0.187905,        -0.022138,        -0.187478,        -0.982019,        -0.999573,         0.022876,         0.018166
2010-07-07T17:09:21.486, -398390378.689562, -61276258.979453,  20679119.283210,  -3808966.729950,    109025.457212,     59176.021057,        14.988969,        -0.440917,        -0.230469,   3810932.000000,        35.500000,       -17.200000,        14.997200,         0.019059,         0.982003,        -0.187903,        -0.022138,        -0.187477,        -0.982019,        -0.999573,         0.022876,         0.018166
2010-07-07T17:13:05.486, -398392747.610358, -61279825.784588,  20679087.633568,  -3805609.201309,    108926.691747,     59124.396094,        14.988966,        -0.440918,        -0.230468,   3807572.000000,        35.500000,       -20.000000,        14.997200,         0.022825,         0.982770,        -0.183417,        -0.022884,        -0.182903,        -0.982865,        -0.999478,         0.026632,         0.018315
2010-07-07T17:13:37.486, -398393086.024320, -61280335.327671,  20679083.112020,  -3805129.554421,    108912.582380,     59117.021104,        14.988965,        -0.440918,        -0.230468,   3807093.000000,        35.500000,       -20.300000,        14.997200,         0.024221,         0.983045,        -0.181758,        -0.023160,        -0.181211,        -0.983172,        -0.999438,         0.028023,         0.018378
2010-07-07T17:17:21.486, -398395454.899009, -61283902.125711,  20679051.459984,  -3801772.026610,    108813.816708,     59065.396200,        14.988962,        -0.440919,        -0.230468,   3803733.000000,        35.500000,       -23.100000,        14.997200,         0.039871,         0.985788,        -0.163192,        -0.026247,        -0.162233,        -0.986403,        -0.998860,         0.043612,         0.019405
2010-07-07T17:17:53.486, -398395793.306386, -61284411.667781,  20679046.938094,  -3801292.379839,    108799.707312,     59058.021218,        14.988961,        -0.440919,        -0.230468,   3803254.000000,        35.500000,       -23.500000,        14.997200,         0.042923,         0.986251,        -0.159580,        -0.026847,        -0.158531,        -0.986989,        -0.998718,         0.046649,         0.019673
2010-07-07T17:21:37.486, -398398162.134970, -61287978.458723,  20679015.283665,  -3797934.852857,    108700.941435,     59006.396373,        14.988958,        -0.440919,        -0.230468,   3799894.000000,        35.500000,       -26.200000,        14.997200,         0.069738,         0.989321,        -0.127987,        -0.032085,        -0.126009,        -0.991510,        -0.997049,         0.073253,         0.022955
2010-07-07T17:22:09.486, -398398500.535760, -61288487.999780,  20679010.761433,  -3797455.206205,    108686.832009,     58999.021399,        14.988958,        -0.440920,        -0.230468,   3799415.000000,        35.500000,       -26.600000,        14.997200,         0.074324,         0.989668,        -0.122612,        -0.032975,        -0.120446,        -0.992172,        -0.996689,         0.077785,         0.023682
2010-07-07T17:30:09.486, -398403576.448818, -61296131.100415,  20678942.922820,  -3790260.508193,    108475.190183,     58888.396919,        14.988951,        -0.440921,        -0.230467,   3792217.000000,        35.500000,       -32.500000,        14.997200,         0.163878,         0.986280,        -0.019902,        -0.050024,        -0.011840,        -0.998678,        -0.985211,         0.164657,         0.047398
2010-07-07T17:30:41.486, -398403914.836436, -61296640.639444,  20678938.399904,  -3789780.861777,    108461.080699,     58881.021962,        14.988950,        -0.440921,        -0.230467,   3791737.000000,        35.500000,       -32.900000,        14.997200,         0.171130,         0.985178,        -0.011813,        -0.051377,        -0.003050,        -0.998675,        -0.983908,         0.171510,         0.050093
2010-07-07T17:34:25.486, -398406283.526709, -61300207.409095,  20678906.738295,  -3786423.337278,    108362.314206,     58829.397293,        14.988947,        -0.440922,        -0.230467,   3788378.000000,        35.500000,       -35.600000,        14.997200,         0.225833,         0.972992,         0.047815,        -0.061440,         0.063212,        -0.996107,        -0.972227,         0.222016,         0.074056
2010-07-07T17:34:57.486, -398406621.907740, -61300716.947109,  20678902.215037,  -3785943.690980,    108348.204692,     58822.022344,        14.988947,        -0.440922,        -0.230467,   3787898.000000,        35.500000,       -36.000000,        14.997200,         0.234174,         0.970541,         0.056672,        -0.062953,         0.073308,        -0.995320,        -0.970154,         0.229511,         0.078266
2010-07-07T17:38:41.486, -398408990.551910, -61304283.709662,  20678870.551035,  -3782586.167308,    108249.437994,     58770.397733,        14.988943,        -0.440923,        -0.230467,   3784539.000000,        35.500000,       -38.800000,        14.997200,         0.295799,         0.947700,         0.119865,        -0.073949,         0.147821,        -0.986246,        -0.952384,         0.282867,         0.113807
2010-07-07T17:39:13.486, -398409328.926356, -61304793.246662,  20678866.027435,  -3782106.521128,    108235.328451,     58763.022793,        14.988943,        -0.440923,        -0.230467,   3784059.000000,        35.500000,       -39.100000,        14.997200,         0.305022,         0.943574,         0.128954,        -0.075567,         0.158960,        -0.984389,        -0.949343,         0.290515,         0.119789
2010-07-07T17:42:57.486, -398411697.524425, -61308360.002117,  20678834.361040,  -3778748.998280,    108136.561549,     58711.398240,        14.988940,        -0.440924,        -0.230467,   3780700.000000,        35.500000,       -41.900000,        14.997200,         0.371971,         0.908242,         0.191662,        -0.087088,         0.239714,        -0.966930,        -0.924150,         0.342979,         0.168264
2010-07-07T17:43:29.486, -398412035.892285, -61308869.538104,  20678829.837098,  -3778269.352218,    108122.451976,     58704.023308,        14.988939,        -0.440924,        -0.230467,   3780220.000000,        35.500000,       -42.300000,        14.997200,         0.381827,         0.902253,         0.200368,        -0.088750,         0.251585,        -0.963757,        -0.919963,         0.350205,         0.176137
2010-07-07T17:47:13.486, -398414404.444253, -61312436.286459,  20678798.168310,  -3774911.830195,    108023.684869,     58652.398813,        14.988936,        -0.440925,        -0.230466,   3776861.000000,        35.500000,       -45.000000,        14.997200,         0.452222,         0.853743,         0.258106,        -0.100362,         0.336258,        -0.936407,        -0.886241,         0.397559,         0.237746
2010-07-07T17:47:45.486, -398414742.805528, -61312945.821432,  20678793.644026,  -3774432.184250,    108009.575268,     58645.023889,        14.988936,        -0.440925,        -0.230466,   3776381.000000,        35.500000,       -45.400000,        14.997200,         0.462422,         0.845890,         0.265774,        -0.102005,         0.348510,        -0.931738,        -0.880773,         0.403746,         0.247444
2010-07-07T17:51:29.486, -398417111.311397, -61316512.562690,  20678761.972845,  -3771074.663050,    107910.807957,     58593.399453,        14.988932,        -0.440926,        -0.230466,   3773022.000000,        35.500000,       -48.200000,        14.997200,         0.534139,         0.784912,         0.314020,        -0.113261,         0.434539,        -0.893503,        -0.837775,         0.441689,         0.321004
2010-07-07T17:52:01.486, -398417449.666085, -61317022.096648,  20678757.448219,  -3770595.017223,    107896.698326,     58586.024538,        14.988932,        -0.440926,        -0.230466,   3772542.000000,        35.500000,       -48.500000,        14.997200,         0.544368,         0.775401,         0.320026,        -0.114822,         0.446794,        -0.887238,        -0.830951,         0.446238,         0.332253
2010-07-07T18:00:01.486, -398422524.887631, -61324665.090810,  20678689.573710,  -3763400.331581,    107685.053432,     58475.400932,        14.988925,        -0.440928,        -0.230466,   3765344.000000,        35.500000,       -54.400000,        14.997200,         0.692539,         0.615263,         0.376618,        -0.135994,         0.624070,        -0.769443,        -0.708446,         0.481651,         0.515865
2010-07-07T18:00:33.486, -398422863.229148, -61325174.622740,  20678685.048401,  -3762920.685988,    107670.943743,     58468.026033,        14.988925,        -0.440928,        -0.230466,   3764864.000000,        35.500000,       -54.800000,        14.997200,         0.701837,         0.603827,         0.377913,        -0.137219,         0.635190,        -0.760068,        -0.698996,         0.481587,         0.528657
2010-07-07T18:04:17.486, -398425231.596724, -61328741.342700,  20678653.370040,  -3759563.167253,    107572.175820,     58416.401771,        14.988921,        -0.440929,        -0.230465,   3761505.000000,        35.500000,       -57.600000,        14.997200,         0.763879,         0.523290,         0.377699,        -0.144998,         0.709454,        -0.689675,        -0.628860,         0.472063,         0.617813
2010-07-07T18:04:49.486, -398425569.931656, -61329250.873616,  20678648.844389,  -3759083.521778,    107558.066102,     58409.026880,        14.988921,        -0.440929,        -0.230465,   3761025.000000,        35.500000,       -58.000000,        14.997200,         0.772257,         0.511845,         0.376343,        -0.145989,         0.719495,        -0.678980,        -0.618309,         0.469405,         0.630359
2010-07-07T18:08:33.486, -398427938.253135, -61332817.586476,  20678617.163636,  -3755726.003863,    107459.297976,     58357.402676,        14.988918,        -0.440930,        -0.230465,   3757666.000000,        35.500000,       -60.700000,        14.997200,         0.826983,         0.433646,         0.357841,        -0.152024,         0.785234,        -0.600246,        -0.541283,         0.441993,         0.715300
2010-07-07T18:09:05.486, -398428276.581482, -61333327.116376,  20678612.637644,  -3755246.358505,    107445.188229,     58350.027794,        14.988917,        -0.440930,        -0.230465,   3757186.000000,        35.500000,       -61.100000,        14.997200,         0.834203,         0.422871,         0.353956,        -0.152754,         0.793934,        -0.588503,        -0.529878,         0.436863,         0.726897
2010-07-07T18:12:49.486, -398430644.856865, -61336893.822136,  20678580.954498,  -3751888.841409,    107346.419899,     58298.403647,        14.988914,        -0.440930,        -0.230465,   3753827.000000,        35.500000,       -63.800000,        14.997200,         0.880204,         0.351546,         0.318835,        -0.156916,         0.849591,        -0.503560,        -0.447904,         0.393205,         0.802977
2010-07-07T18:13:21.486, -398430983.178627, -61337403.351023,  20678576.428163,  -3751409.196168,    107332.310123,     58291.028773,        14.988914,        -0.440931,        -0.230465,   3753347.000000,        35.500000,       -64.200000,        14.997200,         0.886105,         0.342043,         0.312769,        -0.157375,         0.856769,        -0.491101,        -0.435949,         0.385945,         0.813016
2010-07-07T18:17:05.486, -398433351.407916, -61340970.049683,  20678544.742625,  -3748051.679890,    107233.541591,     58239.404685,        14.988910,        -0.440931,        -0.230465,   3749988.000000,        35.500000,       -67.000000,        14.997200,         0.922548,         0.281317,         0.264131,        -0.159651,         0.901416,        -0.402443,        -0.351306,         0.329105,         0.876512
2010-07-07T18:17:37.486, -398433689.723093, -61341479.577556,  20678540.215948,  -3747572.034766,    107219.431786,     58232.029819,        14.988910,        -0.440931,        -0.230465,   3749508.000000,        35.500000,       -67.400000,        14.997200,         0.927055,         0.273536,         0.256411,        -0.159845,         0.906988,        -0.389643,        -0.339143,         0.320235,         0.884552
2010-07-07T18:21:21.486, -398436057.906287, -61345046.269113,  20678508.528017,  -3744214.519306,    107120.663050,     58180.405788,        14.988907,        -0.440932,        -0.230464,   3746149.000000,        35.500000,       -70.100000,        14.997200,         0.953747,         0.225883,         0.198351,        -0.160337,         0.940383,        -0.299952,        -0.254281,         0.254276,         0.933105
2010-07-07T18:21:53.486, -398436396.214880, -61345555.795972,  20678504.000999,  -3743734.874298,    107106.553216,     58173.030931,        14.988906,        -0.440932,        -0.230464,   3745669.000000,        35.500000,       -70.500000,        14.997200,         0.956878,         0.220076,         0.189606,        -0.160289,         0.944364,        -0.287199,        -0.242263,         0.244423,         0.938918
2010-07-07T18:29:53.486, -398441470.744999, -61353198.683629,  20678436.090599,  -3736540.200935,    106894.905274,     58062.408193,        14.988899,        -0.440934,        -0.230464,   3738470.000000,        35.500000,       -76.400000,        14.997200,         0.985185,         0.162726,         0.054143,        -0.156584,         0.982277,        -0.103026,        -0.069948,         0.093021,         0.993204
2010-07-07T18:30:25.486, -398441809.040422, -61353708.208458,  20678431.562897,  -3736060.556161,    106880.795383,     58055.033352,        14.988899,        -0.440934,        -0.230464,   3737991.000000,        35.500000,       -76.800000,        14.997200,         0.985954,         0.160772,         0.045251,        -0.156171,         0.983486,        -0.091469,        -0.059209,         0.083117,         0.994779
2010-07-07T18:34:09.486, -398444177.085340, -61357274.878712,  20678399.867789,  -3732703.043147,    106782.026040,     58003.409494,        14.988896,        -0.440935,        -0.230464,   3734631.000000,        35.500000,       -79.500000,        14.997200,         0.988166,         0.152677,        -0.014761,        -0.152885,         0.988143,        -0.014152,         0.012425,         0.016241,         0.999791
2010-07-07T18:34:41.486, -398444515.374179, -61357784.402527,  20678395.339745,  -3732223.398489,    106767.916119,     57996.034661,        14.988895,        -0.440935,        -0.230464,   3734151.000000,        35.500000,       -79.900000,        14.997200,         0.988076,         0.152247,        -0.022934,        -0.152370,         0.988317,        -0.003671,         0.022108,         0.007121,         0.999730
2010-07-07T18:38:25.486, -398446883.383577, -61361351.081602,  20678363.642103,  -3728865.871301,    106669.146133,     57944.410631,        14.988892,        -0.440936,        -0.230463,   3730792.000000,        35.500000,       -82.600000,        14.997100,         0.985194,         0.153390,        -0.076578,        -0.148565,         0.986751,         0.065195,         0.085563,        -0.052853,         0.994930
2010-07-07T18:38:57.486, -398447221.665832, -61361860.604402,  20678359.113718,  -3728386.226759,    106655.036184,     57937.035806,        14.988892,        -0.440936,        -0.230463,   3730312.000000,        35.500000,       -83.000000,        14.997100,         0.984512,         0.154061,        -0.083677,        -0.148004,         0.986188,         0.074347,         0.093975,        -0.060811,         0.993716
2010-07-07T18:42:41.486, -398449589.618568, -61365427.260451,  20678327.413825,  -3725028.715373,    106556.266437,     57885.412063,        14.988889,        -0.440937,        -0.230463,   3726953.000000,        35.500000,       -85.800000,        14.997100,         0.978446,         0.161296,        -0.128944,        -0.144097,         0.980563,         0.133161,         0.147916,        -0.111711,         0.982671
2010-07-07T18:43:13.486, -398449927.894239, -61365936.782237,  20678322.885097,  -3724549.070947,    106542.156458,     57878.037247,        14.988888,        -0.440937,        -0.230463,   3726473.000000,        35.500000,       -86.200000,        14.997100,         0.977447,         0.162604,        -0.134749,        -0.143551,         0.979579,         0.140779,         0.154888,        -0.118260,         0.980828
2010-07-07T18:46:57.486, -398452295.800887, -61369503.431185,  20678291.182812,  -3721191.560373,    106443.386510,     57826.413561,        14.988885,        -0.440938,        -0.230463,   3723114.000000,        35.500000,       -88.900000,        14.997100,         0.970106,         0.172681,        -0.170514,        -0.139947,         0.972099,         0.188252,         0.198263,        -0.158762,         0.967205
2010-07-07T18:47:29.486, -398452634.069973, -61370012.951956,  20678286.653743,  -3720711.916063,    106429.276503,     57819.038753,        14.988884,        -0.440938,        -0.230463,   3722634.000000,        35.500000,       -89.300000,        14.997100,         0.969056,         0.174170,        -0.174915,        -0.139472,         0.971002,         0.194170,         0.203662,        -0.163766,         0.965247
2010-07-07T18:51:13.486, -398455001.930534, -61373579.593801,  20678254.949066,  -3717354.406300,    106330.506353,     57767.415125,        14.988881,        -0.440939,        -0.230463,   3719274.000000,        35.500000,       -92.000000,        14.997100,         0.962206,         0.184066,        -0.200697,        -0.136544,         0.963744,         0.229244,         0.235617,        -0.193176,         0.952454
2010-07-07T18:51:45.486, -398455340.193035, -61374089.113556,  20678250.419655,  -3716874.762107,    106316.396317,     57760.040325,        14.988881,        -0.440939,        -0.230462,   3718795.000000,        35.500000,       -92.400000,        14.997100,         0.961340,         0.185336,        -0.203658,        -0.136191,         0.962815,         0.233322,         0.239328,        -0.196566,         0.950833
2010-07-07T18:55:29.486, -398457708.007509, -61377655.748298,  20678218.712585,  -3713517.253154,    106217.625966,     57708.416754,        14.988878,        -0.440939,        -0.230462,   3715435.000000,        35.500000,       -95.200000,        14.997100,         0.956477,         0.192521,        -0.219290,        -0.134264,         0.957560,         0.255052,         0.259087,        -0.214509,         0.941732
2010-07-07T18:56:01.486, -398458046.263427, -61378165.267040,  20678214.182833,  -3713037.609076,    106203.515901,     57701.041962,        14.988877,        -0.440940,        -0.230462,   3714955.000000,        35.500000,       -95.600000,        14.997100,         0.955983,         0.193255,        -0.220791,        -0.134073,         0.957024,         0.257157,         0.260999,        -0.216236,         0.940809
2010-07-07T18:59:45.486, -398460414.031813, -61381731.894678,  20678182.473372,  -3709680.100933,    106104.745349,     57649.418449,        14.988874,        -0.440940,        -0.230462,   3711596.000000,        35.500000,       -98.300000,        14.997100,         0.954211,         0.195901,        -0.226064,        -0.133399,         0.955092,         0.264583,         0.267744,        -0.222311,         0.937492
2010-07-07T19:00:17.486, -398460752.281148, -61382241.412405,  20678177.943278,  -3709200.456970,    106090.635256,     57642.043665,        14.988874,        -0.440940,        -0.230462,   3711116.000000,        35.500000,       -98.700000,        14.997100,         0.954204,         0.195912,        -0.226084,        -0.133397,         0.955084,         0.264611,         0.267769,        -0.222334,         0.937479
2010-07-07T19:04:01.486, -398463120.003448, -61385808.032938,  20678146.231424,  -3705842.949637,    105991.864503,     57590.420209,        14.988870,        -0.440941,        -0.230462,   3707756.000000,        35.500000,      -101.400000,        14.997100,         0.954203,         0.195919,        -0.226081,        -0.133405,         0.955083,         0.264613,         0.267769,        -0.222334,         0.937479
2010-07-07T19:04:33.486, -398463458.246199, -61386317.549650,  20678141.700988,  -3705363.305789,    105977.754381,     57583.045433,        14.988870,        -0.440941,        -0.230462,   3707277.000000,        35.500000,      -101.800000,        14.997100,         0.954203,         0.195920,        -0.226081,        -0.133406,         0.955083,         0.264613,         0.267769,        -0.222334,         0.937479
2010-07-07T19:12:33.486, -398468531.788714, -61393960.285104,  20678073.739328,  -3698168.649813,    105766.102122,     57472.423924,        14.988863,        -0.440943,        -0.230461,   3700078.000000,        35.500000,      -107.700000,        14.997100,         0.954200,         0.195936,        -0.226077,        -0.133422,         0.955079,         0.264617,         0.267769,        -0.222334,         0.937479
2010-07-07T19:13:05.486, -398468870.018298, -61394469.799785,  20678069.208209,  -3697689.006197,    105751.991943,     57465.049165,        14.988863,        -0.440943,        -0.230461,   3699598.000000,        35.500000,      -108.100000,        14.997100,         0.954200,         0.195937,        -0.226076,        -0.133423,         0.955079,         0.264617,         0.267769,        -0.222334,         0.937479
2010-07-07T19:16:49.486, -398471237.602346, -61398036.399007,  20678037.489179,  -3694331.501284,    105653.220588,     57413.425880,        14.988860,        -0.440944,        -0.230461,   3696238.000000,        35.500000,      -110.800000,        14.997100,         0.954199,         0.195945,        -0.226074,        -0.133430,         0.955078,         0.264619,         0.267769,        -0.222334,         0.937479
2010-07-07T19:17:21.486, -398471575.825347, -61398545.912674,  20678032.957719,  -3693851.857782,    105639.110381,     57406.051129,        14.988859,        -0.440944,        -0.230461,   3695758.000000,        35.500000,      -111.200000,        14.997100,         0.954199,         0.195946,        -0.226074,        -0.133431,         0.955077,         0.264619,         0.267769,        -0.222334,         0.937479
2010-07-07T19:25:21.486, -398476649.071614, -61406188.602453,  20677964.980683,  -3686657.206987,    105427.456835,     57295.429986,        14.988852,        -0.440946,        -0.230460,   3688559.000000,        35.500000,      -117.100000,        14.997100,         0.954197,         0.195962,        -0.226070,        -0.133447,         0.955074,         0.264623,         0.267769,        -0.222334,         0.937479
2010-07-07T19:25:53.486, -398476987.281449, -61406698.114090,  20677960.448539,  -3686177.563715,    105413.346570,     57288.055251,        14.988852,        -0.440946,        -0.230460,   3688079.000000,        35.500000,      -117.500000,        14.997100,         0.954197,         0.195963,        -0.226069,        -0.133448,         0.955074,         0.264624,         0.267769,        -0.222334,         0.937479
2010-07-07T19:29:37.486, -398479354.727252, -61410264.691996,  20677928.722334,  -3682820.061216,    105314.574616,     57236.432136,        14.988849,        -0.440947,        -0.230460,   3684720.000000,        35.500000,      -120.200000,        14.997100,         0.954196,         0.195971,        -0.226067,        -0.133456,         0.955072,         0.264625,         0.267769,        -0.222334,         0.937479
2010-07-07T19:30:09.486, -398479692.930504, -61410774.202618,  20677924.189849,  -3682340.418060,    105300.464323,     57229.057409,        14.988848,        -0.440947,        -0.230460,   3684240.000000,        35.500000,      -120.600000,        14.997100,         0.954195,         0.195972,        -0.226067,        -0.133457,         0.955072,         0.264626,         0.267769,        -0.222334,         0.937479
2010-07-07T19:38:09.486, -398484765.880540, -61418416.846718,  20677856.197438,  -3675145.772428,    105088.809494,     57118.436631,        14.988842,        -0.440948,        -0.230460,   3677041.000000,        35.500000,      -126.500000,        14.997100,         0.954193,         0.195988,        -0.226063,        -0.133473,         0.955069,         0.264630,         0.267769,        -0.222334,         0.937479
2010-07-07T19:38:41.486, -398485104.070627, -61418926.355309,  20677851.664269,  -3674666.129500,    105074.699144,     57111.061921,        14.988841,        -0.440949,        -0.230460,   3676561.000000,        35.500000,      -126.900000,        14.997100,         0.954193,         0.195989,        -0.226062,        -0.133474,         0.955068,         0.264630,         0.267769,        -0.222334,         0.937479
2010-07-07T19:42:25.486, -398487471.378192, -61422492.911897,  20677819.930891,  -3671308.629408,    104975.926592,     57059.438976,        14.988838,        -0.440949,        -0.230459,   3673201.000000,        35.500000,      -129.600000,        14.997100,         0.954192,         0.195996,        -0.226060,        -0.133481,         0.955067,         0.264632,         0.267769,        -0.222335,         0.937479
2010-07-07T19:42:57.486, -398487809.561696, -61423002.419473,  20677815.397380,  -3670828.986594,    104961.816213,     57052.064274,        14.988838,        -0.440949,        -0.230459,   3672721.000000,        35.500000,      -130.000000,        14.997100,         0.954192,         0.195997,        -0.226060,        -0.133482,         0.955067,         0.264632,         0.267769,        -0.222335,         0.937479
2010-07-07T19:46:41.486, -398490176.823184, -61426568.968954,  20677783.661610,  -3667471.487301,    104863.043462,     57000.441385,        14.988835,        -0.440950,        -0.230459,   3669361.000000,        35.500000,      -132.800000,        14.997100,         0.954191,         0.196005,        -0.226058,        -0.133490,         0.955065,         0.264634,         0.267770,        -0.222335,         0.937479
2010-07-07T19:47:13.486, -398490515.000105, -61427078.475514,  20677779.127758,  -3666991.844604,    104848.933055,     56993.066691,        14.988834,        -0.440950,        -0.230459,   3668882.000000,        35.500000,      -133.200000,        14.997100,         0.954191,         0.196006,        -0.226058,        -0.133491,         0.955065,         0.264634,         0.267770,        -0.222335,         0.937479
2010-07-07T19:50:57.486, -398492882.215516, -61430645.017888,  20677747.389597,  -3663634.346111,    104750.160105,     56941.443859,        14.988831,        -0.440951,        -0.230459,   3665522.000000,        35.500000,      -135.900000,        14.997100,         0.954190,         0.196013,        -0.226056,        -0.133498,         0.955063,         0.264636,         0.267770,        -0.222335,         0.937479
2010-07-07T19:51:29.486, -398493220.385855, -61431154.523434,  20677742.855403,  -3663154.703526,    104736.049670,     56934.069173,        14.988831,        -0.440951,        -0.230459,   3665042.000000,        35.500000,      -136.300000,        14.997100,         0.954189,         0.196014,        -0.226055,        -0.133499,         0.955063,         0.264636,         0.267770,        -0.222335,         0.937479
2010-07-07T19:55:13.486, -398495587.555190, -61434721.058700,  20677711.114850,  -3659797.205831,    104637.276522,     56882.446398,        14.988827,        -0.440952,        -0.230459,   3661682.000000,        35.500000,      -139.000000,        14.997100,         0.954188,         0.196022,        -0.226053,        -0.133507,         0.955062,         0.264638,         0.267770,        -0.222335,         0.937479
2010-07-07T19:55:45.486, -398495925.718947, -61435230.563231,  20677706.580315,  -3659317.563360,    104623.166058,     56875.071720,        14.988827,        -0.440952,        -0.230459,   3661202.000000,        35.500000,      -139.400000,        14.997100,         0.954188,         0.196023,        -0.226053,        -0.133508,         0.955061,         0.264638,         0.267770,        -0.222335,         0.937479
2010-07-07T19:59:29.486, -398498292.842206, -61438797.091388,  20677674.837371,  -3655960.066464,    104524.392712,     56823.449001,        14.988824,        -0.440953,        -0.230458,   3657843.000000,        35.500000,      -142.200000,        14.997100,         0.954187,         0.196030,        -0.226051,        -0.133515,         0.955060,         0.264640,         0.267770,        -0.222335,         0.937479
2010-07-07T20:00:01.486, -398498630.999381, -61439306.594903,  20677670.302494,  -3655480.424108,    104510.282219,     56816.074331,        14.988823,        -0.440953,        -0.230458,   3657363.000000,        35.500000,      -142.600000,        14.997100,         0.954187,         0.196031,        -0.226051,        -0.133516,         0.955060,         0.264640,         0.267770,        -0.222335,         0.937479
2010-07-07T20:08:01.486, -398503703.258272, -61446949.132396,  20677602.274215,  -3648285.790461,    104298.624412,     56705.454399,        14.988817,        -0.440955,        -0.230458,   3650164.000000,        35.500000,      -148.400000,        14.997100,         0.954185,         0.196047,        -0.226046,        -0.133532,         0.955056,         0.264644,         0.267770,        -0.222335,         0.937479
2010-07-07T20:08:33.486, -398504041.402282, -61447458.633880,  20677597.738655,  -3647806.148333,    104284.513863,     56698.079745,        14.988816,        -0.440955,        -0.230458,   3649684.000000,        35.500000,      -148.800000,        14.997100,         0.954185,         0.196048,        -0.226046,        -0.133533,         0.955056,         0.264644,         0.267770,        -0.222335,         0.937479
2010-07-07T20:12:17.487, -398506408.397888, -61451025.156635,  20677565.988396,  -3644448.638836,    104185.739482,     56646.456965,        14.988813,        -0.440955,        -0.230458,   3646324.000000,        35.500000,      -151.600000,        14.997100,         0.954184,         0.196056,        -0.226044,        -0.133541,         0.955055,         0.264646,         0.267770,        -0.222335,         0.937479
2010-07-07T20:12:49.487, -398506746.535317, -61451534.657104,  20677561.452494,  -3643968.996820,    104171.628905,     56639.082319,        14.988813,        -0.440956,        -0.230458,   3645844.000000,        35.500000,      -152.000000,        14.997100,         0.954183,         0.196057,        -0.226044,        -0.133542,         0.955054,         0.264646,         0.267770,        -0.222335,         0.937479
2010-07-07T20:16:33.487, -398509113.474284, -61455101.156829,  20677529.699987,  -3640611.503106,    104072.854768,     56587.459825,        14.988810,        -0.440956,        -0.230457,   3642484.000000,        35.500000,      -154.700000,        14.997100,         0.954182,         0.196064,        -0.226041,        -0.133549,         0.955053,         0.264648,         0.267770,        -0.222335,         0.937479
2010-07-07T20:17:05.487, -398509451.605132, -61455610.656282,  20677525.163743,  -3640131.861203,    104058.744163,     56580.085187,        14.988809,        -0.440956,        -0.230457,   3642004.000000,        35.500000,      -155.100000,        14.997100,         0.954182,         0.196065,        -0.226041,        -0.133550,         0.955053,         0.264648,         0.267770,        -0.222335,         0.937479
2010-07-07T20:20:49.487, -398511818.498027, -61459177.148897,  20677493.408845,  -3636774.368284,    103959.969828,     56528.462749,        14.988806,        -0.440957,        -0.230457,   3638645.000000,        35.500000,      -157.900000,        14.997100,         0.954181,         0.196073,        -0.226039,        -0.133558,         0.955051,         0.264650,         0.267770,        -0.222335,         0.937479
2010-07-07T20:21:21.487, -398512156.622293, -61459686.647335,  20677488.872260,  -3636294.726495,    103945.859195,     56521.088119,        14.988806,        -0.440957,        -0.230457,   3638165.000000,        35.500000,      -158.200000,        14.997100,         0.954181,         0.196074,        -0.226039,        -0.133559,         0.955051,         0.264650,         0.267770,        -0.222335,         0.937479
2010-07-07T20:25:05.487, -398514523.469119, -61463253.132841,  20677457.114971,  -3632937.234367,    103847.084663,     56469.465737,        14.988803,        -0.440958,        -0.230457,   3634805.000000,        35.500000,      -161.000000,        14.997100,         0.954180,         0.196081,        -0.226037,        -0.133566,         0.955049,         0.264652,         0.267770,        -0.222335,         0.937479
2010-07-07T20:25:37.487, -398514861.586804, -61463762.630263,  20677452.578044,  -3632457.592691,    103832.974001,     56462.091115,        14.988802,        -0.440958,        -0.230457,   3634325.000000,        35.500000,      -161.400000,        14.997100,         0.954180,         0.196083,        -0.226036,        -0.133567,         0.955049,         0.264653,         0.267770,        -0.222335,         0.937479
2010-07-07T20:29:21.487, -398517228.387560, -61467329.108660,  20677420.818364,  -3629100.101355,    103734.199272,     56410.468789,        14.988799,        -0.440959,        -0.230457,   3630966.000000,        35.500000,      -164.100000,        14.997100,         0.954179,         0.196090,        -0.226034,        -0.133575,         0.955048,         0.264654,         0.267770,        -0.222335,         0.937479
2010-07-07T20:29:53.487, -398517566.498663, -61467838.605065,  20677416.281096,  -3628620.459793,    103720.088583,     56403.094175,        14.988799,        -0.440959,        -0.230457,   3630486.000000,        35.500000,      -164.500000,        14.997100,         0.954179,         0.196091,        -0.226034,        -0.133576,         0.955047,         0.264655,         0.267770,        -0.222335,         0.937479
2010-07-07T20:37:53.487, -398522638.066492, -61475481.035919,  20677348.216955,  -3621425.838043,    103508.427817,     56292.475084,        14.988792,        -0.440961,        -0.230456,   3623287.000000,        35.500000,      -170.400000,        14.997000,         0.954176,         0.196107,        -0.226030,        -0.133592,         0.955044,         0.264659,         0.267770,        -0.222335,         0.937479
2010-07-07T20:38:25.487, -398522976.164433, -61475990.530294,  20677343.679004,  -3620946.196706,    103494.317072,     56285.100486,        14.988792,        -0.440961,        -0.230456,   3622807.000000,        35.500000,      -170.800000,        14.997000,         0.954176,         0.196108,        -0.226029,        -0.133593,         0.955044,         0.264659,         0.267770,        -0.222335,         0.937479
2010-07-07T20:42:09.487, -398525342.826985, -61479556.987359,  20677311.912152,  -3617588.707742,    103395.541753,     56233.478328,        14.988788,        -0.440962,        -0.230456,   3619448.000000,        35.500000,      -173.500000,        14.997000,         0.954175,         0.196116,        -0.226027,        -0.133600,         0.955042,         0.264661,         0.267770,        -0.222335,         0.937479
2010-07-07T20:42:41.487, -398525680.918345, -61480066.480717,  20677307.373860,  -3617109.066517,    103381.430979,     56226.103738,        14.988788,        -0.440962,        -0.230456,   3618968.000000,        35.500000,      -173.900000,        14.997000,         0.954175,         0.196117,        -0.226027,        -0.133601,         0.955042,         0.264661,         0.267770,        -0.222335,         0.937479
2010-07-07T20:46:25.487, -398528047.534832, -61483632.930672,  20677275.604617,  -3613751.578340,    103282.655465,     56174.481635,        14.988785,        -0.440963,        -0.230456,   3615608.000000,        35.500000,      -176.700000,        14.997000,         0.954174,         0.196124,        -0.226025,        -0.133609,         0.955041,         0.264663,         0.267770,        -0.222335,         0.937479
2010-07-07T20:46:57.487, -398528385.619611, -61484142.423015,  20677271.065984,  -3613271.937228,    103268.544663,     56167.107053,        14.988785,        -0.440963,        -0.230456,   3615129.000000,        35.500000,      -177.000000,        14.997000,         0.954174,         0.196125,        -0.226025,        -0.133610,         0.955040,         0.264663,         0.267770,        -0.222335,         0.937479
2010-07-07T20:50:41.487, -398530752.190033, -61487708.865859,  20677239.294351,  -3609914.449839,    103169.768953,     56115.485005,        14.988781,        -0.440963,        -0.230455,   3611769.000000,        35.500000,      -179.800000,        14.997000,         0.954173,         0.196133,        -0.226023,        -0.133617,         0.955039,         0.264665,         0.267770,        -0.222335,         0.937479
2010-07-07T20:51:13.487, -398531090.268230, -61488218.357185,  20677234.755375,  -3609434.808840,    103155.658123,     56108.110431,        14.988781,        -0.440963,        -0.230455,   3611289.000000,        35.500000,       179.800000,        14.997000,         0.954173,         0.196134,        -0.226022,        -0.133618,         0.955039,         0.264665,         0.267770,        -0.222335,         0.937479
2010-07-07T20:55:29.487, -398533794.864205, -61492294.283228,  20677198.442035,  -3605597.681350,    103042.771359,     56049.113873,        14.988778,        -0.440964,        -0.230455,   3607450.000000,        35.500000,       176.700000,        14.997000,         0.954171,         0.196142,        -0.226020,        -0.133627,         0.955037,         0.264667,         0.267770,        -0.222335,         0.937479
2010-07-07T20:56:01.487, -398534132.935000, -61492803.773413,  20677193.902676,  -3605118.040477,    103028.660498,     56041.739308,        14.988777,        -0.440964,        -0.230455,   3606970.000000,        35.500000,       176.300000,        14.997000,         0.954171,         0.196143,        -0.226020,        -0.133628,         0.955037,         0.264667,         0.267770,        -0.222335,         0.937479
2010-07-07T20:59:45.487, -398536499.407535, -61496370.201144,  20677162.125964,  -3601760.554759,    102929.884372,     55990.117379,        14.988774,        -0.440965,        -0.230455,   3603611.000000,        35.500000,       173.600000,        14.997000,         0.954170,         0.196151,        -0.226018,        -0.133635,         0.955035,         0.264669,         0.267770,        -0.222335,         0.937479
2010-07-07T21:00:17.487, -398536837.471750, -61496879.690311,  20677157.586263,  -3601280.913999,    102915.773483,     55982.742822,        14.988774,        -0.440965,        -0.230455,   3603131.000000,        35.500000,       173.200000,        14.997000,         0.954178,         0.196139,        -0.225993,        -0.133640,         0.955044,         0.264635,         0.267739,        -0.222307,         0.937494
2010-07-07T21:04:01.487, -398539203.898221, -61500446.110930,  20677125.807160,  -3597923.429065,    102816.997162,     55931.120948,        14.988770,        -0.440966,        -0.230455,   3599772.000000,        35.500000,       170.400000,        14.997000,         0.955706,         0.193870,        -0.221449,        -0.134235,         0.956709,         0.258243,         0.261928,        -0.217079,         0.940357
2010-07-07T21:04:33.487, -398539541.955856, -61500955.599082,  20677121.267118,  -3597443.788416,    102802.886245,     55923.746399,        14.988770,        -0.440966,        -0.230455,   3599292.000000,        35.500000,       170.000000,        14.997000,         0.956129,         0.193243,        -0.220170,        -0.134400,         0.957168,         0.256450,         0.260297,        -0.215609,         0.941147
2010-07-07T21:08:17.487, -398541908.336266, -61504522.012589,  20677089.485625,  -3594086.304267,    102704.109728,     55872.124580,        14.988767,        -0.440967,        -0.230454,   3595933.000000,        35.500000,       167.300000,        14.997000,         0.960311,         0.187068,        -0.206903,        -0.136062,         0.961692,         0.237983,         0.243496,        -0.200385,         0.948976
2010-07-07T21:08:49.487, -398542246.387320, -61505031.499725,  20677084.945241,  -3593606.663730,    102689.998783,     55864.750039,        14.988767,        -0.440967,        -0.230454,   3595453.000000,        35.500000,       166.900000,        14.997000,         0.961061,         0.185966,        -0.204396,        -0.136367,         0.962499,         0.234519,         0.240343,        -0.197514,         0.950381
2010-07-07T21:12:33.487, -398544612.721668, -61508597.906118,  20677053.161359,  -3590249.180365,    102591.222072,     55813.128276,        14.988764,        -0.440968,        -0.230454,   3592094.000000,        35.500000,       164.100000,        14.997000,         0.967085,         0.177224,        -0.182586,        -0.138908,         0.968914,         0.204721,         0.213192,        -0.172620,         0.961640
2010-07-07T21:13:05.487, -398544950.766142, -61509107.392238,  20677048.620634,  -3589769.539940,    102577.111099,     55805.753742,        14.988763,        -0.440968,        -0.230454,   3591614.000000,        35.500000,       163.800000,        14.997000,         0.968026,         0.175878,        -0.178865,        -0.139322,         0.969904,         0.199690,         0.208603,        -0.168385,         0.963396
2010-07-07T21:16:49.487, -398547317.054431, -61512673.791519,  20677016.834361,  -3586412.057356,    102478.334193,     55754.132035,        14.988760,        -0.440969,        -0.230454,   3588255.000000,        35.500000,       161.000000,        14.997000,         0.974789,         0.166426,        -0.148621,        -0.142501,         0.976895,         0.159281,         0.171695,        -0.134087,         0.975982
2010-07-07T21:17:21.487, -398547655.092325, -61513183.276623,  20677012.293294,  -3585932.417043,    102464.223193,     55746.757509,        14.988760,        -0.440969,        -0.230454,   3587775.000000,        35.500000,       160.600000,        14.997000,         0.975746,         0.165132,        -0.143707,        -0.142987,         0.977860,         0.152788,         0.165756,        -0.128534,         0.977755
2010-07-07T21:21:37.487, -398550359.365867, -61517259.152878,  20676975.963223,  -3582095.295039,    102351.335064,     55687.761339,        14.988756,        -0.440970,        -0.230454,   3583936.000000,        35.500000,       157.500000,        14.997000,         0.982709,         0.156308,        -0.099255,        -0.147040,         0.984586,         0.094712,         0.112529,        -0.078480,         0.990544
2010-07-07T21:22:09.487, -398550697.396358, -61517768.636837,  20676971.421772,  -3581615.654852,    102337.224032,     55680.386822,        14.988756,        -0.440970,        -0.230454,   3583456.000000,        35.500000,       157.100000,        14.997000,         0.983444,         0.155480,        -0.093077,        -0.147557,         0.985245,         0.086717,         0.105187,        -0.071547,         0.991875
2010-07-07T21:25:53.487, -398553063.586771, -61521335.021002,  20676939.630421,  -3578258.173928,    102238.446713,     55628.765232,        14.988753,        -0.440971,        -0.230453,   3580097.000000,        35.500000,       154.400000,        14.997000,         0.987259,         0.152236,        -0.046295,        -0.151131,         0.988158,         0.026523,         0.049784,        -0.019188,         0.998576
2010-07-07T21:26:25.487, -398553401.610683, -61521844.503946,  20676935.088629,  -3577778.533852,    102224.335653,     55621.390723,        14.988752,        -0.440971,        -0.230453,   3579617.000000,        35.500000,       154.000000,        14.997000,         0.987574,         0.152205,        -0.039141,        -0.151627,         0.988286,         0.017350,         0.041323,        -0.011199,         0.999083
2010-07-07T21:30:09.487, -398555767.755037, -61525410.880997,  20676903.294888,  -3574421.053707,    102125.558140,     55569.769187,        14.988749,        -0.440971,        -0.230453,   3576258.000000,        35.500000,       151.200000,        14.997000,         0.987699,         0.155761,         0.013727,        -0.154893,         0.986641,        -0.050484,        -0.021407,         0.047737,         0.998631
2010-07-07T21:30:41.487, -398556105.772370, -61525920.362925,  20676898.752754,  -3573941.413743,    102111.447053,     55562.394686,        14.988749,        -0.440972,        -0.230453,   3575778.000000,        35.500000,       150.800000,        14.997000,         0.987383,         0.156869,         0.021625,        -0.155321,         0.986000,        -0.060655,        -0.030837,         0.056531,         0.997925
2010-07-07T21:34:25.487, -398558471.870666, -61529486.732860,  20676866.956623,  -3570583.934379,    102012.669346,     55510.773206,        14.988746,        -0.440972,        -0.230453,   3572419.000000,        35.500000,       148.100000,        14.997000,         0.982397,         0.169465,         0.078595,        -0.157962,         0.978209,        -0.134741,        -0.099716,         0.119954,         0.987759
2010-07-07T21:34:57.487, -398558809.881419, -61529996.213772,  20676862.414148,  -3570104.294525,    101998.558231,     55503.398713,        14.988745,        -0.440972,        -0.230453,   3571939.000000,        35.500000,       147.700000,        14.997000,         0.981256,         0.172002,         0.086903,        -0.158280,         0.976586,        -0.145693,        -0.109928,         0.129207,         0.985506
2010-07-07T21:38:41.487, -398561175.933660, -61533562.576594,  20676830.615628,  -3566746.815938,    101899.780330,     55451.777288,        14.988742,        -0.440973,        -0.230453,   3568580.000000,        35.500000,       145.000000,        14.997000,         0.969904,         0.195360,         0.145327,        -0.159999,         0.961274,        -0.224393,        -0.183537,         0.194388,         0.963601
2010-07-07T21:39:13.487, -398561513.937833, -61534072.056489,  20676826.072811,  -3566267.176195,    101885.669187,     55444.402802,        14.988742,        -0.440973,        -0.230453,   3568100.000000,        35.500000,       144.600000,        14.997000,         0.967776,         0.199523,         0.153625,        -0.160166,         0.958493,        -0.235877,        -0.194311,         0.203670,         0.959563
2010-07-07T21:47:13.489, -398566583.912306, -61541714.255587,  20676757.925302,  -3559072.566732,    101674.001194,     55333.785408,        14.988735,        -0.440975,        -0.230452,   3560902.000000,        35.500000,       138.700000,        14.997000,         0.919133,         0.287259,         0.269585,        -0.159832,         0.897386,        -0.411280,        -0.360066,         0.334933,         0.870731
2010-07-07T21:47:45.489, -398566921.903320, -61542223.733449,  20676753.381802,  -3558592.927211,    101659.889996,     55326.410939,        14.988735,        -0.440975,        -0.230452,   3560422.000000,        35.500000,       138.300000,        14.997000,         0.914732,         0.294741,         0.276392,        -0.159603,         0.891975,        -0.422975,        -0.371203,         0.342796,         0.862960
2010-07-07T21:51:29.489, -398569287.817397, -61545790.074926,  20676721.576113,  -3555235.450953,    101561.111516,     55274.789678,        14.988732,        -0.440976,        -0.230452,   3557063.000000,        35.500000,       135.600000,        14.997000,         0.879820,         0.352194,         0.319180,        -0.157221,         0.849368,        -0.503841,        -0.448551,         0.393108,         0.802663
2010-07-07T21:52:01.489, -398569625.801833, -61546299.551771,  20676717.032272,  -3554755.811543,    101547.000291,     55267.415216,        14.988731,        -0.440976,        -0.230452,   3556584.000000,        35.500000,       135.200000,        14.997000,         0.874252,         0.361071,         0.324516,        -0.156767,         0.842613,        -0.515196,        -0.459464,         0.399538,         0.793261
2010-07-07T22:00:01.489, -398574695.469684, -61553941.689205,  20676648.869544,  -3547561.222052,    101335.331498,     55156.798405,        14.988725,        -0.440977,        -0.230451,   3549386.000000,        35.500000,       129.300000,        14.997000,         0.774509,         0.508661,         0.376032,        -0.146558,         0.722579,        -0.675574,        -0.615351,         0.468128,         0.634192
2010-07-07T22:00:33.489, -398575033.440962, -61554451.164017,  20676644.325020,  -3547081.582863,    101321.220217,     55149.423959,        14.988724,        -0.440978,        -0.230451,   3548906.000000,        35.500000,       128.900000,        14.997000,         0.766868,         0.519132,         0.377380,        -0.145656,         0.713429,        -0.685422,        -0.625059,         0.470660,         0.622720
2010-07-07T22:04:17.489, -398577399.216882, -61558017.484145,  20676612.512163,  -3543724.108927,    101222.441159,     55097.802862,        14.988721,        -0.440978,        -0.230451,   3545547.000000,        35.500000,       126.100000,        14.997000,         0.710475,         0.592924,         0.379034,        -0.138629,         0.645982,        -0.750659,        -0.689933,         0.480779,         0.541150
2010-07-07T22:04:49.489, -398577737.181581, -61558526.957940,  20676607.967298,  -3543244.469849,    101208.329851,     55090.428423,        14.988721,        -0.440978,        -0.230451,   3545067.000000,        35.500000,       125.800000,        14.997000,         0.702042,         0.603436,         0.378156,        -0.137528,         0.635904,        -0.759416,        -0.698730,         0.481135,         0.529420
2010-07-07T22:08:33.489, -398580102.911450, -61562093.270952,  20676576.152052,  -3539886.996685,    101109.550600,     55038.807381,        14.988718,        -0.440979,        -0.230451,   3541708.000000,        35.500000,       123.000000,        14.997000,         0.640860,         0.675678,         0.364359,        -0.129201,         0.562804,        -0.816431,        -0.756707,         0.476142,         0.447977
2010-07-07T22:09:05.489, -398580440.869571, -61562602.743731,  20676571.606846,  -3539407.357717,    101095.439264,     55031.432951,        14.988718,        -0.440979,        -0.230451,   3541228.000000,        35.500000,       122.600000,        14.997000,         0.631857,         0.685712,         0.361325,        -0.127930,         0.552046,        -0.823941,        -0.764454,         0.474389,         0.436537
2010-07-07T22:12:49.489, -398582806.553390, -61566169.049626,  20676539.789210,  -3536049.885324,    100996.659821,     54979.811963,        14.988715,        -0.440980,        -0.230451,   3537869.000000,        35.500000,       119.900000,        14.997000,         0.567535,         0.752935,         0.333155,        -0.118546,         0.475144,        -0.871886,        -0.814770,         0.455332,         0.358919
2010-07-07T22:13:21.489, -398583144.504932, -61566678.521388,  20676535.243663,  -3535570.246466,    100982.548459,     54972.437540,        14.988714,        -0.440980,        -0.230451,   3537389.000000,        35.500000,       119.500000,        14.997000,         0.558209,         0.762030,         0.328198,        -0.117144,         0.463984,        -0.878064,        -0.821389,         0.451696,         0.348267
2010-07-07T22:17:37.489, -398585848.087666, -61570754.290910,  20676498.877749,  -3531733.136096,    100869.657434,     54913.442192,        14.988711,        -0.440981,        -0.230450,   3533550.000000,        35.500000,       116.400000,        14.997000,         0.483120,         0.829146,         0.281269,        -0.105507,         0.374037,        -0.921393,        -0.869174,         0.415468,         0.268186
2010-07-07T22:18:09.489, -398586186.031808, -61571263.761529,  20676494.331818,  -3531253.497361,    100855.546040,     54906.067778,        14.988710,        -0.440981,        -0.230450,   3533070.000000,        35.500000,       116.000000,        14.997000,         0.473735,         0.836764,         0.274593,        -0.104011,         0.362780,        -0.926052,        -0.874504,         0.410142,         0.258894
2010-07-07T22:21:53.489, -398588551.617774, -61574830.052299,  20676462.509105,  -3527896.026605,    100756.766189,     54854.446906,        14.988707,        -0.440982,        -0.230450,   3529711.000000,        35.500000,       113.200000,        14.997000,         0.408621,         0.884812,         0.223913,        -0.093393,         0.284577,        -0.954093,        -0.907913,         0.368951,         0.198920
2010-07-07T22:22:25.489, -398588889.555338, -61575339.521900,  20676457.962833,  -3527416.387980,    100742.654769,     54847.072499,        14.988707,        -0.440982,        -0.230450,   3529231.000000,        35.500000,       112.800000,        14.997000,         0.399448,         0.890897,         0.216202,        -0.091865,         0.273545,        -0.957462,        -0.912141,         0.362595,         0.191109
2010-07-07T22:26:09.489, -398591255.095256, -61578905.805552,  20676426.137731,  -3524058.917993,    100643.874727,     54795.451681,        14.988704,        -0.440983,        -0.230450,   3525872.000000,        35.500000,       110.100000,        14.997000,         0.336643,         0.927936,         0.160020,        -0.081196,         0.197912,        -0.976851,        -0.938125,         0.315857,         0.141970
2010-07-07T22:26:41.489, -398591593.026242, -61579415.274137,  20676421.591117,  -3523579.279478,    100629.763278,     54788.077283,        14.988703,        -0.440983,        -0.230450,   3525392.000000,        35.500000,       109.700000,        14.997000,         0.327913,         0.932436,         0.151775,        -0.079685,         0.187385,        -0.979049,        -0.941341,         0.308949,         0.135747
2010-07-07T22:30:25.489, -398593958.520114, -61582981.550671,  20676389.763626,  -3520221.810257,    100530.983045,     54736.456519,        14.988700,        -0.440984,        -0.230450,   3522033.000000,        35.500000,       107.000000,        14.997000,         0.268941,         0.958597,         0.093604,        -0.069304,         0.116193,        -0.990806,        -0.960660,         0.259981,         0.097684
2010-07-07T22:30:57.489, -398594296.444522, -61583491.018239,  20676385.216671,  -3519742.171852,    100516.871570,     54729.082128,        14.988700,        -0.440984,        -0.230450,   3521553.000000,        35.500000,       106.600000,        14.997000,         0.260858,         0.961600,         0.085318,        -0.067858,         0.106424,        -0.992003,        -0.962989,         0.252983,         0.093014
2010-07-07T22:34:41.489, -398596661.892349, -61587057.287655,  20676353.386792,  -3516384.703399,    100418.091145,     54677.461419,        14.988697,        -0.440984,        -0.230449,   3518194.000000,        35.500000,       103.800000,        14.997000,         0.207053,         0.977916,         0.028468,        -0.058093,         0.041336,        -0.997455,        -0.976604,         0.204872,         0.065369
2010-07-07T22:35:13.489, -398596999.810178, -61587566.754206,  20676348.839495,  -3515905.065103,    100403.979642,     54670.087036,        14.988697,        -0.440985,        -0.230449,   3517714.000000,        35.500000,       103.400000,        14.997000,         0.199793,         0.979622,         0.020589,        -0.056757,         0.032547,        -0.997857,        -0.978193,         0.198196,         0.062103
2010-07-07T22:38:57.489, -398599365.211960, -61591133.016502,  20676317.007227,  -3512547.597416,    100305.199027,     54618.466381,        14.988694,        -0.440985,        -0.230449,   3514355.000000,        35.500000,       100.700000,        14.996900,         0.152286,         0.987817,        -0.032039,        -0.047908,        -0.025001,        -0.998539,        -0.987175,         0.153598,         0.043517
2010-07-07T22:39:29.489, -398599703.123212, -61591642.482036,  20676312.459589,  -3512067.959230,    100291.087497,     54611.092005,        14.988693,        -0.440985,        -0.230449,   3513875.000000,        35.500000,       100.300000,        14.996900,         0.145998,         0.988511,        -0.039133,        -0.046723,        -0.032622,        -0.998375,        -0.988181,         0.147589,         0.041423
2010-07-07T22:43:13.489, -398602068.478950, -61595208.737213,  20676280.624932,  -3508710.492308,    100192.306692,     54559.471404,        14.988690,        -0.440986,        -0.230449,   3510516.000000,        35.500000,        97.500000,        14.996900,         0.105740,         0.990741,        -0.085149,        -0.039060,        -0.081425,        -0.995914,        -0.993626,         0.108634,         0.030089
2010-07-07T22:43:45.489, -398602406.383624, -61595718.201730,  20676276.076953,  -3508230.854230,    100178.195134,     54552.097036,        14.988690,        -0.440986,        -0.230449,   3510036.000000,        35.500000,        97.200000,        14.996900,         0.100547,         0.990748,        -0.091154,        -0.038062,        -0.087721,        -0.995418,        -0.994204,         0.103556,         0.028890
2010-07-07T22:47:29.489, -398604771.693319, -61599284.449789,  20676244.239908,  -3504873.388073,    100079.414138,     54500.476489,        14.988687,        -0.440987,        -0.230449,   3506676.000000,        35.500000,        94.400000,        14.996900,         0.068344,         0.989327,        -0.128691,        -0.031826,        -0.126765,        -0.991422,        -0.997154,         0.071854,         0.022823
2010-07-07T22:48:01.489, -398605109.591415, -61599793.913288,  20676239.691588,  -3504393.750105,    100065.302554,     54493.102129,        14.988686,        -0.440987,        -0.230449,   3506197.000000,        35.500000,        94.000000,        14.996900,         0.064355,         0.988974,        -0.133373,        -0.031048,        -0.131601,        -0.990816,        -0.997444,         0.067905,         0.022237
2010-07-07T22:56:01.489, -398610177.964199, -61607435.850529,  20676171.461669,  -3497199.182220,     99853.628380,     54382.486844,        14.988680,        -0.440989,        -0.230448,   3498998.000000,        35.500000,        88.100000,        14.996900,         0.024221,         0.983225,        -0.180784,        -0.023150,        -0.180237,        -0.983351,        -0.999439,         0.028002,         0.018396
2010-07-07T22:56:33.489, -398610515.849140, -61607945.311995,  20676166.912666,  -3496719.544470,     99839.516741,     54375.112500,        14.988679,        -0.440989,        -0.230448,   3498518.000000,        35.500000,        87.800000,        14.996900,         0.022927,         0.982972,        -0.182320,        -0.022893,        -0.181804,        -0.983068,        -0.999475,         0.026712,         0.018335
2010-07-07T23:00:17.489, -398612881.020711, -61611511.538693,  20676135.068455,  -3493362.080601,     99740.735175,     54323.492114,        14.988677,        -0.440990,        -0.230448,   3495159.000000,        35.500000,        85.000000,        14.996900,         0.019006,         0.982182,        -0.186970,        -0.022114,        -0.186545,        -0.982198,        -0.999575,         0.022802,         0.018174
2010-07-07T23:00:49.489, -398613218.899075, -61612020.999141,  20676130.519111,  -3492882.442959,     99726.623509,     54316.117777,        14.988676,        -0.440990,        -0.230448,   3494679.000000,        35.500000,        84.600000,        14.996900,         0.019006,         0.982182,        -0.186968,        -0.022114,        -0.186544,        -0.982198,        -0.999575,         0.022802,         0.018174
2010-07-07T23:12:33.489, -398620652.015093, -61623229.096834,  20676030.422759,  -3482330.418284,     99416.166004,     54153.882607,        14.988667,        -0.440992,        -0.230447,   3484121.000000,        35.500000,        76.000000,        14.996900,         0.019004,         0.982188,        -0.186937,        -0.022113,        -0.186513,        -0.982204,        -0.999575,         0.022799,         0.018175
2010-07-07T23:13:05.489, -398620989.874549, -61623738.554358,  20676025.872435,  -3481850.780955,     99402.054261,     54146.508292,        14.988666,        -0.440992,        -0.230447,   3483641.000000,        35.500000,        75.600000,        14.996900,         0.019003,         0.982188,        -0.186936,        -0.022113,        -0.186511,        -0.982204,        -0.999575,         0.022799,         0.018175
2010-07-07T23:17:21.489, -398623692.720599, -61627814.209970,  20675989.468302,  -3478013.682808,     99289.160190,     54087.513808,        14.988663,        -0.440993,        -0.230447,   3479801.000000,        35.500000,        72.500000,        14.996900,         0.019003,         0.982190,        -0.186925,        -0.022113,        -0.186500,        -0.982206,        -0.999575,         0.022798,         0.018175
2010-07-07T23:17:53.489, -398624030.572656, -61628323.666349,  20675984.917594,  -3477534.045600,     99275.048416,     54080.139501,        14.988663,        -0.440993,        -0.230447,   3479322.000000,        35.500000,        72.100000,        14.996900,         0.019003,         0.982191,        -0.186923,        -0.022113,        -0.186498,        -0.982206,        -0.999575,         0.022798,         0.018175
2010-07-07T23:22:09.490, -398626733.370073, -61632399.328724,  20675948.510249,  -3473696.933439,     99162.153662,     54021.144855,        14.988659,        -0.440994,        -0.230447,   3475482.000000,        35.500000,        69.000000,        14.996900,         0.019002,         0.982193,        -0.186912,        -0.022112,        -0.186487,        -0.982209,        -0.999575,         0.022797,         0.018175
2010-07-07T23:22:41.490, -398627071.214731, -61632908.783959,  20675943.959157,  -3473217.296353,     99148.041858,     54013.770557,        14.988659,        -0.440994,        -0.230447,   3475002.000000,        35.500000,        68.600000,        14.996900,         0.019002,         0.982193,        -0.186911,        -0.022112,        -0.186486,        -0.982209,        -0.999575,         0.022797,         0.018175
2010-07-07T23:26:57.490, -398629773.942402, -61636984.421257,  20675907.548883,  -3469380.200153,     99035.147303,     53954.776210,        14.988655,        -0.440995,        -0.230447,   3471163.000000,        35.500000,        65.400000,        14.996900,         0.019001,         0.982195,        -0.186899,        -0.022112,        -0.186474,        -0.982211,        -0.999575,         0.022796,         0.018175
2010-07-07T23:27:29.490, -398630111.779661, -61637493.875346,  20675902.997407,  -3468900.563190,     99021.035468,     53947.401921,        14.988655,        -0.440995,        -0.230447,   3470683.000000,        35.500000,        65.000000,        14.996900,         0.019001,         0.982196,        -0.186898,        -0.022112,        -0.186473,        -0.982211,        -0.999575,         0.022796,         0.018175
2010-07-07T23:32:49.490, -398633490.107044, -61642588.409251,  20675857.480301,  -3464104.194288,     98879.916937,     53873.659082,        14.988651,        -0.440996,        -0.230446,   3465884.000000,        35.500000,        61.100000,        14.996900,         0.019000,         0.982198,        -0.186884,        -0.022112,        -0.186459,        -0.982214,        -0.999575,         0.022794,         0.018175
2010-07-07T23:33:21.490, -398633827.935262, -61643097.861942,  20675852.928356,  -3463624.557472,     98865.805066,     53866.284804,        14.988650,        -0.440996,        -0.230446,   3465404.000000,        35.500000,        60.700000,        14.996900,         0.019000,         0.982199,        -0.186882,        -0.022112,        -0.186458,        -0.982214,        -0.999575,         0.022794,         0.018175
2010-07-07T23:33:53.490, -398634165.762656, -61643607.314505,  20675848.376368,  -3463144.920670,     98851.693191,     53858.910526,        14.988650,        -0.440996,        -0.230446,   3464924.000000,        35.500000,        60.300000,        14.996900,         0.019000,         0.982199,        -0.186881,        -0.022112,        -0.186456,        -0.982214,        -0.999575,         0.022794,         0.018175
2010-07-07T23:34:25.490, -398634503.589229, -61644116.766941,  20675843.824338,  -3462665.283881,     98837.581312,     53851.536249,        14.988649,        -0.440996,        -0.230446,   3464444.000000,        35.500000,        59.900000,        14.996900,         0.019000,         0.982199,        -0.186879,        -0.022112,        -0.186455,        -0.982215,        -0.999575,         0.022794,         0.018175
2010-07-07T23:34:57.490, -398634841.414981, -61644626.219251,  20675839.272265,  -3462185.647105,     98823.469431,     53844.161973,        14.988649,        -0.440996,        -0.230446,   3463964.000000,        35.500000,        59.500000,        14.996900,         0.019000,         0.982199,        -0.186878,        -0.022112,        -0.186453,        -0.982215,        -0.999575,         0.022794,         0.018175
2010-07-07T23:35:29.490, -398635179.239910, -61645135.671433,  20675834.720149,  -3461706.010343,     98809.357546,     53836.787699,        14.988649,        -0.440996,        -0.230446,   3463484.000000,        35.500000,        59.200000,        14.996900,         0.019000,         0.982200,        -0.186877,        -0.022111,        -0.186452,        -0.982215,        -0.999575,         0.022794,         0.018175
2010-07-07T23:36:01.490, -398635517.064017, -61645645.123488,  20675830.167991,  -3461226.373594,     98795.245657,     53829.413425,        14.988648,        -0.440997,        -0.230446,   3463004.000000,        35.500000,        58.800000,        14.996900,         0.018999,         0.982200,        -0.186875,        -0.022111,        -0.186450,        -0.982216,        -0.999575,         0.022794,         0.018175
2010-07-07T23:36:33.490, -398635854.887302, -61646154.575416,  20675825.615790,  -3460746.736859,     98781.133766,     53822.039152,        14.988648,        -0.440997,        -0.230446,   3462524.000000,        35.500000,        58.400000,        14.996900,         0.018999,         0.982200,        -0.186874,        -0.022111,        -0.186449,        -0.982216,        -0.999575,         0.022794,         0.018176
2010-07-07T23:37:05.490, -398636192.709764, -61646664.027216,  20675821.063546,  -3460267.100138,     98767.021871,     53814.664880,        14.988647,        -0.440997,        -0.230446,   3462044.000000,        35.500000,        58.000000,        14.996900,         0.018999,         0.982200,        -0.186872,        -0.022111,        -0.186448,        -0.982216,        -0.999575,         0.022794,         0.018176
2010-07-07T23:37:37.490, -398636530.531405, -61647173.478889,  20675816.511260,  -3459787.463430,     98752.909972,     53807.290609,        14.988647,        -0.440997,        -0.230446,   3461564.000000,        35.500000,        57.600000,        14.996900,         0.018999,         0.982201,        -0.186871,        -0.022111,        -0.186446,        -0.982216,        -0.999575,         0.022793,         0.018176
2010-07-07T23:38:09.490, -398636868.352224, -61647682.930435,  20675811.958931,  -3459307.826735,     98738.798070,     53799.916339,        14.988647,        -0.440997,        -0.230446,   3461084.000000,        35.500000,        57.200000,        14.996900,         0.018999,         0.982201,        -0.186870,        -0.022111,        -0.186445,        -0.982217,        -0.999575,         0.022793,         0.018176
2010-07-07T23:38:41.490, -398637206.172221, -61648192.381854,  20675807.406560,  -3458828.190053,     98724.686165,     53792.542070,        14.988646,        -0.440997,        -0.230446,   3460604.000000,        35.500000,        56.800000,        14.996900,         0.018999,         0.982201,        -0.186868,        -0.022111,        -0.186443,        -0.982217,        -0.999575,         0.022793,         0.018176
2010-07-07T23:39:13.490, -398637543.991396, -61648701.833146,  20675802.854145,  -3458348.553385,     98710.574257,     53785.167801,        14.988646,        -0.440997,        -0.230446,   3460124.000000,        35.500000,        56.400000,        14.996900,         0.018999,         0.982202,        -0.186867,        -0.022111,        -0.186442,        -0.982217,        -0.999575,         0.022793,         0.018176
2010-07-07T23:39:45.490, -398637881.809749, -61649211.284310,  20675798.301689,  -3457868.916731,     98696.462345,     53777.793534,        14.988645,        -0.440997,        -0.230446,   3459644.000000,        35.500000,        56.000000,        14.996900,         0.018999,         0.982202,        -0.186865,        -0.022111,        -0.186441,        -0.982217,        -0.999575,         0.022793,         0.018176
2010-07-07T23:40:17.490, -398638219.627280, -61649720.735347,  20675793.749189,  -3457389.280090,     98682.350430,     53770.419268,        14.988645,        -0.440997,        -0.230446,   3459164.000000,        35.500000,        55.600000,        14.996900,         0.018999,         0.982202,        -0.186864,        -0.022111,        -0.186439,        -0.982218,        -0.999575,         0.022793,         0.018176
2010-07-07T23:40:49.490, -398638557.443989, -61650230.186258,  20675789.196647,  -3456909.643463,     98668.238511,     53763.045003,        14.988644,        -0.440998,        -0.230446,   3458685.000000,        35.500000,        55.200000,        14.996900,         0.018999,         0.982202,        -0.186863,        -0.022111,        -0.186438,        -0.982218,        -0.999575,         0.022793,         0.018176
2010-07-07T23:41:21.490, -398638895.259876, -61650739.637041,  20675784.644062,  -3456430.006849,     98654.126589,     53755.670738,        14.988644,        -0.440998,        -0.230446,   3458205.000000,        35.500000,        54.800000,        14.996900,         0.018999,         0.982203,        -0.186861,        -0.022111,        -0.186436,        -0.982218,        -0.999575,         0.022793,         0.018176
2010-07-07T23:41:53.490, -398639233.074941, -61651249.087697,  20675780.091435,  -3455950.370248,     98640.014664,     53748.296475,        14.988644,        -0.440998,        -0.230446,   3457725.000000,        35.500000,        54.500000,        14.996900,         0.018999,         0.982203,        -0.186860,        -0.022111,        -0.186435,        -0.982218,        -0.999575,         0.022792,         0.018176
2010-07-07T23:42:25.490, -398639570.889184, -61651758.538225,  20675775.538765,  -3455470.733660,     98625.902735,     53740.922212,        14.988643,        -0.440998,        -0.230446,   3457245.000000,        35.500000,        54.100000,        14.996900,         0.018998,         0.982203,        -0.186858,        -0.022111,        -0.186434,        -0.982219,        -0.999575,         0.022792,         0.018176
2010-07-07T23:42:57.490, -398639908.702604, -61652267.988626,  20675770.986052,  -3454991.097087,     98611.790803,     53733.547951,        14.988643,        -0.440998,        -0.230446,   3456765.000000,        35.500000,        53.700000,        14.996900,         0.018998,         0.982203,        -0.186857,        -0.022111,        -0.186432,        -0.982219,        -0.999575,         0.022792,         0.018176
2010-07-07T23:43:29.490, -398640246.515203, -61652777.438900,  20675766.433297,  -3454511.460527,     98597.678868,     53726.173690,        14.988642,        -0.440998,        -0.230446,   3456285.000000,        35.500000,        53.300000,        14.996900,         0.018998,         0.982204,        -0.186855,        -0.022111,        -0.186431,        -0.982219,        -0.999575,         0.022792,         0.018176
2010-07-07T23:44:01.490, -398640584.326980, -61653286.889047,  20675761.880499,  -3454031.823980,     98583.566929,     53718.799431,        14.988642,        -0.440998,        -0.230446,   3455805.000000,        35.500000,        52.900000,        14.996900,         0.018998,         0.982204,        -0.186854,        -0.022111,        -0.186429,        -0.982220,        -0.999575,         0.022792,         0.018176
2010-07-07T23:44:33.490, -398640922.137935, -61653796.339067,  20675757.327658,  -3453552.187446,     98569.454987,     53711.425172,        14.988641,        -0.440998,        -0.230446,   3455325.000000,        35.500000,        52.500000,        14.996900,         0.018998,         0.982204,        -0.186853,        -0.022111,        -0.186428,        -0.982220,        -0.999575,         0.022792,         0.018176
2010-07-07T23:45:05.490, -398641259.948068, -61654305.788959,  20675752.774775,  -3453072.550926,     98555.343042,     53704.050914,        14.988641,        -0.440998,        -0.230446,   3454845.000000,        35.500000,        52.100000,        14.996900,         0.018998,         0.982205,        -0.186851,        -0.022111,        -0.186427,        -0.982220,        -0.999575,         0.022792,         0.018176
2010-07-07T23:45:37.490, -398641597.757379, -61654815.238725,  20675748.221849,  -3452592.914419,     98541.231093,     53696.676657,        14.988641,        -0.440998,        -0.230446,   3454365.000000,        35.500000,        51.700000,        14.996900,         0.018998,         0.982205,        -0.186850,        -0.022111,        -0.186425,        -0.982220,        -0.999575,         0.022791,         0.018176
2010-07-07T23:46:09.490, -398641935.565867, -61655324.688362,  20675743.668881,  -3452113.277927,     98527.119141,     53689.302402,        14.988640,        -0.440999,        -0.230445,   3453885.000000,        35.500000,        51.300000,        14.996900,         0.018998,         0.982205,        -0.186848,        -0.022111,        -0.186424,        -0.982221,        -0.999575,         0.022791,         0.018176
2010-07-07T23:46:41.490, -398642273.373534, -61655834.137873,  20675739.115870,  -3451633.641447,     98513.007186,     53681.928147,        14.988640,        -0.440999,        -0.230445,   3453405.000000,        35.500000,        50.900000,        14.996900,         0.018998,         0.982205,        -0.186847,        -0.022111,        -0.186422,        -0.982221,        -0.999575,         0.022791,         0.018176
2010-07-07T23:47:13.490, -398642611.180379, -61656343.587257,  20675734.562816,  -3451154.004981,     98498.895227,     53674.553893,        14.988639,        -0.440999,        -0.230445,   3452925.000000,        35.500000,        50.500000,        14.996900,         0.018998,         0.982206,        -0.186846,        -0.022111,        -0.186421,        -0.982221,        -0.999575,         0.022791,         0.018176
2010-07-07T23:47:45.490, -398642948.986403, -61656853.036513,  20675730.009719,  -3450674.368528,     98484.783265,     53667.179640,        14.988639,        -0.440999,        -0.230445,   3452445.000000,        35.500000,        50.100000,        14.996900,         0.018997,         0.982206,        -0.186844,        -0.022111,        -0.186419,        -0.982221,        -0.999575,         0.022791,         0.018176
2010-07-07T23:48:17.490, -398643286.791604, -61657362.485643,  20675725.456580,  -3450194.732088,     98470.671299,     53659.805388,        14.988639,        -0.440999,        -0.230445,   3451965.000000,        35.500000,        49.800000,        14.996900,         0.018997,         0.982206,        -0.186843,        -0.022111,        -0.186418,        -0.982222,        -0.999575,         0.022791,         0.018176
2010-07-07T23:48:49.490, -398643624.595983, -61657871.934645,  20675720.903399,  -3449715.095662,     98456.559331,     53652.431137,        14.988638,        -0.440999,        -0.230445,   3451485.000000,        35.500000,        49.400000,        14.996900,         0.018997,         0.982206,        -0.186841,        -0.022111,        -0.186417,        -0.982222,        -0.999575,         0.022791,         0.018176
2010-07-07T23:49:21.490, -398643962.399539, -61658381.383519,  20675716.350174,  -3449235.459250,     98442.447358,     53645.056887,        14.988638,        -0.440999,        -0.230445,   3451006.000000,        35.500000,        49.000000,        14.996900,         0.018997,         0.982207,        -0.186840,        -0.022111,        -0.186415,        -0.982222,        -0.999575,         0.022791,         0.018176
2010-07-07T23:49:53.490, -398644300.202274, -61658890.832266,  20675711.796907,  -3448755.822851,     98428.335383,     53637.682637,        14.988637,        -0.440999,        -0.230445,   3450526.000000,        35.500000,        48.600000,        14.996900,         0.018997,         0.982207,        -0.186839,        -0.022111,        -0.186414,        -0.982222,        -0.999575,         0.022790,         0.018176
2010-07-07T23:50:25.490, -398644638.004187, -61659400.280887,  20675707.243598,  -3448276.186465,     98414.223404,     53630.308389,        14.988637,        -0.440999,        -0.230445,   3450046.000000,        35.500000,        48.200000,        14.996900,         0.018997,         0.982207,        -0.186837,        -0.022111,        -0.186412,        -0.982223,        -0.999575,         0.022790,         0.018176
2010-07-07T23:50:57.490, -398644975.805279, -61659909.729380,  20675702.690245,  -3447796.550093,     98400.111422,     53622.934142,        14.988636,        -0.440999,        -0.230445,   3449566.000000,        35.500000,        47.800000,        14.996900,         0.018997,         0.982207,        -0.186836,        -0.022111,        -0.186411,        -0.982223,        -0.999575,         0.022790,         0.018176
2010-07-07T23:51:29.490, -398645313.605548, -61660419.177746,  20675698.136851,  -3447316.913733,     98385.999436,     53615.559895,        14.988636,        -0.441000,        -0.230445,   3449086.000000,        35.500000,        47.400000,        14.996900,         0.018997,         0.982208,        -0.186834,        -0.022110,        -0.186410,        -0.982223,        -0.999575,         0.022790,         0.018176
2010-07-07T23:52:01.490, -398645651.404994, -61660928.625984,  20675693.583413,  -3446837.277389,     98371.887447,     53608.185650,        14.988636,        -0.441000,        -0.230445,   3448606.000000,        35.500000,        47.000000,        14.996900,         0.018997,         0.982208,        -0.186833,        -0.022110,        -0.186408,        -0.982224,        -0.999575,         0.022790,         0.018176
2010-07-07T23:52:33.490, -398645989.203620, -61661438.074095,  20675689.029933,  -3446357.641056,     98357.775455,     53600.811406,        14.988635,        -0.441000,        -0.230445,   3448126.000000,        35.500000,        46.600000,        14.996900,         0.018997,         0.982208,        -0.186831,        -0.022110,        -0.186407,        -0.982224,        -0.999575,         0.022790,         0.018176
2010-07-07T23:53:05.490, -398646327.001423, -61661947.522080,  20675684.476410,  -3445878.004737,     98343.663459,     53593.437162,        14.988635,        -0.441000,        -0.230445,   3447646.000000,        35.500000,        46.200000,        14.996900,         0.018996,         0.982209,        -0.186830,        -0.022110,        -0.186405,        -0.982224,        -0.999575,         0.022790,         0.018176
2010-07-07T23:53:37.490, -398646664.798405, -61662456.969937,  20675679.922845,  -3445398.368432,     98329.551461,     53586.062919,        14.988634,        -0.441000,        -0.230445,   3447166.000000,        35.500000,        45.800000,        14.996900,         0.018996,         0.982209,        -0.186829,        -0.022110,        -0.186404,        -0.982224,        -0.999575,         0.022790,         0.018176
2010-07-07T23:54:09.490, -398647002.594564, -61662966.417667,  20675675.369237,  -3444918.732140,     98315.439458,     53578.688678,        14.988634,        -0.441000,        -0.230445,   3446686.000000,        35.500000,        45.400000,        14.996900,         0.018996,         0.982209,        -0.186827,        -0.022110,        -0.186403,        -0.982225,        -0.999575,         0.022789,         0.018176
2010-07-07T23:54:41.490, -398647340.389901, -61663475.865270,  20675670.815586,  -3444439.095861,     98301.327453,     53571.314437,        14.988633,        -0.441000,        -0.230445,   3446206.000000,        35.500000,        45.100000,        14.996900,         0.018996,         0.982209,        -0.186826,        -0.022110,        -0.186401,        -0.982225,        -0.999575,         0.022789,         0.018176
2010-07-07T23:55:13.490, -398647678.184416, -61663985.312745,  20675666.261892,  -3443959.459597,     98287.215444,     53563.940197,        14.988633,        -0.441000,        -0.230445,   3445726.000000,        35.500000,        44.700000,        14.996900,         0.019033,         0.982201,        -0.186865,        -0.022104,        -0.186440,        -0.982218,        -0.999574,         0.022825,         0.018162
2010-07-07T23:55:45.490, -398648015.978110, -61664494.760093,  20675661.708156,  -3443479.823345,     98273.103432,     53556.565959,        14.988633,        -0.441000,        -0.230445,   3445246.000000,        35.500000,        44.300000,        14.996900,         0.019385,         0.982121,        -0.187251,        -0.022041,        -0.186821,        -0.982147,        -0.999569,         0.023166,         0.018025
2010-07-07T23:56:17.490, -398648353.770981, -61665004.207314,  20675657.154378,  -3443000.187106,     98258.991416,     53549.191721,        14.988632,        -0.441001,        -0.230445,   3444766.000000,        35.500000,        43.900000,        14.996900,         0.020036,         0.981971,        -0.187964,        -0.021925,        -0.187525,        -0.982015,        -0.999559,         0.023796,         0.017772
2010-07-07T23:56:49.490, -398648691.563031, -61665513.654407,  20675652.600557,  -3442520.550881,     98244.879397,     53541.817484,        14.988632,        -0.441001,        -0.230445,   3444286.000000,        35.500000,        43.500000,        14.996900,         0.020893,         0.981773,        -0.188905,        -0.021772,        -0.188455,        -0.981841,        -0.999545,         0.024627,         0.017437
2010-07-07T23:57:21.490, -398649029.354258, -61666023.101374,  20675648.046693,  -3442040.914670,     98230.767374,     53534.443248,        14.988631,        -0.441001,        -0.230445,   3443806.000000,        35.500000,        43.100000,        14.996900,         0.021867,         0.981546,        -0.189972,        -0.021598,        -0.189509,        -0.981641,        -0.999528,         0.025568,         0.017055
2010-07-07T23:57:53.490, -398649367.144664, -61666532.548213,  20675643.492786,  -3441561.278472,     98216.655348,     53527.069013,        14.988631,        -0.441001,        -0.230445,   3443326.000000,        35.500000,        42.700000,        14.996900,         0.022865,         0.981311,        -0.191065,        -0.021420,        -0.190590,        -0.981436,        -0.999509,         0.026533,         0.016662
2010-07-07T23:58:25.490, -398649704.934247, -61667041.994924,  20675638.938837,  -3441081.642288,     98202.543319,     53519.694779,        14.988631,        -0.441001,        -0.230445,   3442847.000000,        35.500000,        42.300000,        14.996900,         0.023796,         0.981090,        -0.192083,        -0.021254,        -0.191598,        -0.981243,        -0.999491,         0.027432,         0.016293
2010-07-07T23:58:57.490, -398650042.723008, -61667551.441509,  20675634.384845,  -3440602.006116,     98188.431287,     53512.320546,        14.988630,        -0.441001,        -0.230445,   3442367.000000,        35.500000,        41.900000,        14.996900,         0.024568,         0.980905,        -0.192927,        -0.021116,        -0.192433,        -0.981083,        -0.999475,         0.028177,         0.015985
2010-07-07T23:59:29.490, -398650380.510948, -61668060.887966,  20675629.830811,  -3440122.369958,     98174.319251,     53504.946314,        14.988630,        -0.441001,        -0.230445,   3441887.000000,        35.500000,        41.500000,        14.996900,         0.025091,         0.980780,        -0.193497,        -0.021022,        -0.192998,        -0.980974,        -0.999464,         0.028681,         0.015776
