% this file was created on 13-Jun-2013 18:08:00 
%
% SC:        Cluster 1 
% Intrument: EFW 
% Signal:    P 
% Sensor:    1234 
% Coord Sys: sc 
%
% comment:   this signal is averaged from all probes available at the time 
%
%
% Time from: 27-May-2011 00:00:00 
%
% time        P1234     
% [s]         [V]       
25202.174607     -1.038e+01
25206.174607     -1.042e+01
25210.174607     -1.049e+01
25214.174607     -1.032e+01
25218.174607     -1.034e+01
25222.174607     -1.036e+01
25226.174607     -1.033e+01
25230.174607     -1.020e+01
25234.174607     -1.019e+01
25238.174607     -1.021e+01
25242.174607     -1.025e+01
25246.174607     -1.022e+01
25250.174607     -1.010e+01
25254.174607     -1.010e+01
25258.174607     -1.010e+01
25262.174607     -1.008e+01
25266.174607     -1.001e+01
25270.174607     -9.963e+00
25274.174607     -9.909e+00
25278.174607     -9.907e+00
25282.174607     -9.865e+00
25286.174607     -9.777e+00
25290.174607     -9.860e+00
25294.174607     -9.937e+00
25298.174607     -9.958e+00
25302.174607     -9.992e+00
25306.174607     -1.002e+01
25310.174607     -1.002e+01
25314.174607     -9.947e+00
25318.174607     -9.935e+00
25322.174607     -9.889e+00
25326.174607     -9.847e+00
25330.174607     -9.867e+00
25334.174607     -9.843e+00
25338.174607     -9.729e+00
25342.174607     -9.599e+00
25346.174607     -9.543e+00
25350.174607     -9.565e+00
25354.174607     -9.570e+00
25358.174607     -9.627e+00
25362.174607     -9.734e+00
25366.174607     -9.717e+00
25370.174607     -9.713e+00
25374.174607     -9.733e+00
25378.174607     -9.697e+00
25382.174607     -9.597e+00
25386.174607     -9.612e+00
25390.174607     -9.633e+00
25394.174607     -9.609e+00
25398.174607     -9.727e+00
25402.174607     -9.810e+00
25406.174607     -9.847e+00
25410.174607     -9.820e+00
25414.174607     -9.846e+00
25418.174607     -9.931e+00
25422.174607     -9.939e+00
25426.174607     -9.922e+00
25430.174607     -9.936e+00
25434.174607     -9.868e+00
25438.174607     -9.824e+00
25442.174607            NaN
25446.174607            NaN
25450.174607            NaN
25454.174607     -1.032e+01
25458.174607     -1.021e+01
25462.174607     -1.059e+01
25466.174607     -1.151e+01
25470.174607     -1.293e+01
25474.174607     -1.342e+01
25478.174607     -1.246e+01
25482.174607     -1.084e+01
25486.174607     -1.079e+01
25490.174607     -1.086e+01
25494.174607     -1.129e+01
25498.174607     -1.116e+01
25502.174607     -1.125e+01
25506.174607     -1.132e+01
25510.174607     -1.106e+01
25514.174607     -1.128e+01
25518.174607     -1.116e+01
25522.174607     -1.081e+01
25526.174607     -1.075e+01
25530.174607     -1.223e+01
25534.174607     -1.293e+01
25538.174607     -1.235e+01
25542.174607     -1.252e+01
25546.174607     -1.363e+01
25550.174607     -1.399e+01
25554.174607     -1.360e+01
25558.174607     -1.212e+01
25562.174607     -1.080e+01
25566.174607     -1.078e+01
25570.174607     -1.015e+01
25574.174607     -9.351e+00
25578.174607     -8.912e+00
25582.174607     -8.790e+00
25586.174607     -9.087e+00
25590.174607     -9.222e+00
25594.174607     -9.435e+00
25598.174607     -9.631e+00
25602.174607     -9.145e+00
25606.174607     -8.685e+00
25610.174607     -9.033e+00
25614.174607     -9.243e+00
25618.174607     -1.003e+01
25622.174607     -1.156e+01
25626.174607     -1.249e+01
25630.174607     -1.166e+01
25634.174607     -1.084e+01
25638.174607     -1.071e+01
25642.174607     -1.060e+01
25646.174607     -1.051e+01
25650.174607     -1.037e+01
25654.174607     -1.023e+01
25658.174607     -1.022e+01
25662.174607     -1.023e+01
25666.174607     -1.031e+01
25670.174607     -1.067e+01
25674.174607     -1.065e+01
25678.174607     -1.054e+01
25682.174607     -1.043e+01
25686.174607     -1.069e+01
25690.174607     -1.078e+01
25694.174607     -1.078e+01
25698.174607     -1.088e+01
25702.174607     -1.120e+01
25706.174607     -1.155e+01
25710.174607     -1.196e+01
25714.174607     -1.125e+01
25718.174607     -1.076e+01
25722.174607     -1.054e+01
25726.174607     -1.020e+01
25730.174607     -1.012e+01
25734.174607     -1.013e+01
25738.174607     -9.960e+00
25742.174607     -9.781e+00
25746.174607     -9.566e+00
25750.174607     -9.397e+00
25754.174607     -9.447e+00
25758.174607     -9.741e+00
25762.174607     -1.002e+01
25766.174607     -1.019e+01
25770.174607     -1.028e+01
25774.174607     -9.694e+00
25778.174607     -9.787e+00
25782.174607     -1.066e+01
25786.174607     -1.060e+01
25790.174607     -1.075e+01
25794.174607     -1.072e+01
25798.174607     -1.153e+01
25802.174607     -1.148e+01
25806.174607     -1.114e+01
25810.174607     -1.142e+01
25814.174607     -1.404e+01
25818.174607     -1.539e+01
25822.174607     -1.689e+01
25826.174607     -1.637e+01
25830.174607     -1.556e+01
25834.174607     -1.494e+01
25838.174607     -1.455e+01
25842.174607     -1.477e+01
25846.174607     -1.445e+01
25850.174607     -1.395e+01
25854.174607     -1.309e+01
25858.174607     -1.318e+01
25862.174607     -1.399e+01
25866.174607     -1.477e+01
25870.174607     -1.465e+01
25874.174607     -1.526e+01
25878.174607     -1.427e+01
25882.174607     -1.541e+01
25886.174607     -1.410e+01
25890.174607     -1.380e+01
25894.174607     -1.439e+01
25898.174607     -1.403e+01
25902.174607     -1.400e+01
25906.174607     -1.435e+01
25910.174607     -1.417e+01
25914.174607     -1.416e+01
25918.174607     -1.478e+01
25922.174607     -1.540e+01
25926.174607     -1.499e+01
25930.174607     -1.382e+01
25934.174607     -1.312e+01
25938.174607     -1.168e+01
25942.174607     -1.134e+01
25946.174607     -1.164e+01
25950.174607     -1.104e+01
25954.174607     -1.032e+01
25958.174607     -1.043e+01
25962.174607     -1.048e+01
25966.174607     -1.000e+01
25970.174607     -9.689e+00
25974.174607     -9.619e+00
25978.174607     -9.413e+00
25982.174607     -9.675e+00
25986.174607     -1.019e+01
25990.174607     -1.036e+01
25994.174607     -1.010e+01
25998.174607     -1.019e+01
26002.174607     -1.052e+01
26006.174607     -1.054e+01
26010.174607     -1.053e+01
26014.174607     -1.004e+01
26018.174607     -9.555e+00
26022.174607     -1.009e+01
26026.174607     -1.208e+01
26030.174607     -1.201e+01
26034.174607     -1.163e+01
26038.174607     -1.252e+01
26042.174607     -1.192e+01
26046.174607     -1.243e+01
26050.174607     -1.350e+01
26054.174607     -1.388e+01
26058.174607     -1.401e+01
26062.174607     -1.341e+01
26066.174607     -1.475e+01
26070.174607     -1.594e+01
26074.174607     -1.243e+01
26078.174607     -1.200e+01
26082.174607     -1.195e+01
26086.174607     -1.300e+01
26090.174607     -1.420e+01
26094.174607     -1.415e+01
26098.174607     -1.258e+01
26102.174607     -1.202e+01
26106.174607     -1.193e+01
26110.174607     -1.172e+01
26114.174607     -1.186e+01
26118.174607     -1.141e+01
26122.174607     -1.144e+01
26126.174607     -1.184e+01
26130.174607     -1.189e+01
26134.174607     -1.180e+01
26138.174607     -1.196e+01
26142.174607     -1.209e+01
26146.174607     -1.143e+01
26150.174607     -1.149e+01
26154.174607     -1.106e+01
26158.174607     -1.144e+01
26162.174607     -1.232e+01
26166.174607     -1.327e+01
26170.174607     -1.356e+01
26174.174607     -1.351e+01
26178.174607     -1.297e+01
26182.174607     -1.342e+01
26186.174607     -1.385e+01
26190.174607     -1.398e+01
26194.174607     -1.427e+01
26198.174607     -1.381e+01
26202.174607     -1.382e+01
26206.174607     -1.506e+01
26210.174607     -1.532e+01
26214.174607     -1.486e+01
26218.174607     -1.271e+01
26222.174607     -1.309e+01
26226.174607     -1.305e+01
26230.174607     -1.389e+01
26234.174607     -1.378e+01
26238.174607     -1.279e+01
26242.174607     -1.302e+01
26246.174607     -1.420e+01
26250.174607     -1.449e+01
26254.174607     -1.453e+01
26258.174607     -1.559e+01
26262.174607     -1.578e+01
26266.174607     -1.528e+01
26270.174607     -1.577e+01
26274.174607     -1.613e+01
26278.174607     -1.640e+01
26282.174607     -1.754e+01
26286.174607     -1.746e+01
26290.174607     -1.763e+01
26294.174607     -1.689e+01
26298.174607     -1.743e+01
26302.174607     -1.646e+01
26306.174607     -1.388e+01
26310.174607     -1.351e+01
26314.174607     -1.417e+01
26318.174607     -1.428e+01
26322.174607     -1.417e+01
26326.174607     -1.398e+01
26330.174607     -1.373e+01
26334.174607     -1.403e+01
26338.174607     -1.312e+01
26342.174607     -1.280e+01
26346.174607     -1.347e+01
26350.174607     -1.329e+01
26354.174607     -1.246e+01
26358.174607     -1.245e+01
26362.174607     -1.267e+01
26366.174607     -1.286e+01
26370.174607     -1.315e+01
26374.174607     -1.346e+01
26378.174607     -1.364e+01
26382.174607     -1.362e+01
26386.174607     -1.390e+01
26390.174607     -1.357e+01
26394.174607     -1.390e+01
26398.174607     -1.408e+01
26402.174607     -1.392e+01
26406.174607     -1.429e+01
26410.174607     -1.441e+01
26414.174607     -1.384e+01
26418.174607     -1.359e+01
26422.174607     -1.391e+01
26426.174607     -1.362e+01
26430.174607     -1.316e+01
26434.174607     -1.221e+01
26438.174607     -1.169e+01
26442.174607     -1.168e+01
26446.174607     -1.182e+01
26450.174607     -1.292e+01
26454.174607     -1.356e+01
26458.174607     -1.346e+01
26462.174607     -1.399e+01
26466.174607     -1.483e+01
26470.174607     -1.515e+01
26474.174607     -1.511e+01
26478.174607     -1.515e+01
26482.174607     -1.479e+01
26486.174607     -1.399e+01
26490.174607     -1.345e+01
26494.174607     -1.385e+01
26498.174607     -1.415e+01
26502.174607     -1.422e+01
26506.174607     -1.472e+01
26510.174607     -1.430e+01
26514.174607     -1.437e+01
26518.174607     -1.409e+01
26522.174607     -1.340e+01
26526.174607     -1.264e+01
26530.174607     -1.191e+01
26534.174607     -1.177e+01
26538.174607     -1.257e+01
26542.174607     -1.320e+01
26546.174607     -1.314e+01
26550.174607     -1.247e+01
26554.174607     -1.255e+01
26558.174607     -1.243e+01
26562.174607     -1.293e+01
26566.174607     -1.376e+01
26570.174607     -1.469e+01
26574.174607     -1.507e+01
26578.174607     -1.449e+01
26582.174607     -1.331e+01
26586.174607     -1.278e+01
26590.174607     -1.290e+01
26594.174607     -1.371e+01
26598.174607     -1.348e+01
26602.174607     -1.303e+01
26606.174607     -1.290e+01
26610.174607     -1.303e+01
26614.174607     -1.310e+01
26618.174607     -1.347e+01
26622.174607     -1.352e+01
26626.174607     -1.346e+01
26630.174607     -1.397e+01
26634.174607     -1.344e+01
26638.174607     -1.384e+01
26642.174607     -1.434e+01
26646.174607     -1.440e+01
26650.174607     -1.581e+01
26654.174607     -1.538e+01
26658.174607     -1.492e+01
26662.174607     -1.432e+01
26666.174607     -1.442e+01
26670.174607     -1.506e+01
26674.174607     -1.473e+01
26678.174607     -1.457e+01
26682.174607     -1.451e+01
26686.174607     -1.415e+01
26690.174607     -1.519e+01
26694.174607     -1.446e+01
26698.174607     -1.433e+01
26702.174607     -1.493e+01
26706.174607     -1.547e+01
26710.174607     -1.374e+01
26714.174607     -1.317e+01
26718.174607     -1.208e+01
26722.174607     -1.123e+01
26726.174607     -1.238e+01
26730.174607     -1.303e+01
26734.174607     -1.348e+01
26738.174607     -1.262e+01
26742.174607     -1.111e+01
26746.174607     -1.068e+01
26750.174607     -1.117e+01
26754.174607     -1.077e+01
26758.174607     -1.059e+01
26762.174607     -1.094e+01
26766.174607     -1.071e+01
26770.174607     -1.242e+01
26774.174607     -1.296e+01
26778.174607     -1.270e+01
26782.174607     -1.206e+01
26786.174607     -1.108e+01
26790.174607     -1.106e+01
26794.174607     -1.109e+01
26798.174607     -1.241e+01
26802.174607     -1.298e+01
26806.174607     -1.414e+01
26810.174607     -1.386e+01
26814.174607     -1.279e+01
26818.174607     -1.278e+01
26822.174607     -1.269e+01
26826.174607     -1.274e+01
26830.174607     -1.163e+01
26834.174607     -1.022e+01
26838.174607     -8.973e+00
26842.174607     -9.333e+00
26846.174607     -9.280e+00
26850.174607     -8.917e+00
26854.174607     -8.285e+00
26858.174607     -7.522e+00
26862.174607     -6.699e+00
26866.174607     -6.714e+00
26870.174607     -6.241e+00
26874.174607     -9.534e+00
26878.174607     -8.708e+00
26882.174607     -8.816e+00
26886.174607     -9.375e+00
26890.174607     -9.294e+00
26894.174607     -9.262e+00
26898.174607     -9.838e+00
26902.174607     -9.053e+00
26906.174607     -8.884e+00
26910.174607     -9.050e+00
26914.174607     -9.769e+00
26918.174607     -1.067e+01
26922.174607     -1.079e+01
26926.174607     -9.565e+00
26930.174607     -9.555e+00
26934.174607     -9.872e+00
26938.174607     -9.710e+00
26942.174607     -9.856e+00
26946.174607     -9.853e+00
26950.174607     -1.057e+01
26954.174607     -1.075e+01
26958.174607     -1.101e+01
26962.174607     -1.030e+01
26966.174607     -9.612e+00
26970.174607     -9.859e+00
26974.174607     -9.705e+00
26978.174607     -9.515e+00
26982.174607     -9.490e+00
26986.174607     -9.467e+00
26990.174607     -9.494e+00
26994.174607     -9.528e+00
26998.174607     -9.714e+00
27002.174607     -9.622e+00
27006.174607     -9.631e+00
27010.174607     -9.818e+00
27014.174607     -9.461e+00
27018.174607     -9.190e+00
27022.174607     -9.134e+00
27026.174607     -9.033e+00
27030.174607     -9.328e+00
27034.174607     -8.476e+00
27038.174607     -1.001e+01
27042.174607     -9.797e+00
27046.174607     -9.977e+00
27050.174607     -1.033e+01
27054.174607     -1.022e+01
27058.174607     -9.895e+00
27062.174607     -9.453e+00
27066.174607     -9.302e+00
27070.174607     -9.236e+00
27074.174607     -9.044e+00
27078.174607     -8.775e+00
27082.174607     -8.169e+00
27086.174607     -8.752e+00
27090.174607     -9.524e+00
27094.174607     -9.869e+00
27098.174607     -9.058e+00
27102.174607     -8.916e+00
27106.174607     -9.424e+00
27110.174607     -8.212e+00
27114.174607     -7.535e+00
27118.174607     -7.968e+00
27122.174607     -8.034e+00
27126.174607     -8.862e+00
27130.174607     -8.606e+00
27134.174607     -8.042e+00
27138.174607     -7.995e+00
27142.174607     -7.361e+00
27146.174607     -7.665e+00
27150.174607     -8.619e+00
27154.174607     -9.653e+00
27158.174607     -9.474e+00
27162.174607     -9.047e+00
27166.174607     -9.366e+00
27170.174607     -9.369e+00
27174.174607     -9.869e+00
27178.174607     -9.629e+00
27182.174607     -9.429e+00
27186.174607     -9.399e+00
27190.174607     -9.678e+00
27194.174607     -1.019e+01
27198.174607     -1.091e+01
27202.174607     -1.052e+01
27206.174607     -1.025e+01
27210.174607     -9.397e+00
27214.174607     -9.554e+00
27218.174607     -9.752e+00
27222.174607     -8.892e+00
27226.174607     -8.450e+00
27230.174607     -7.962e+00
27234.174607     -8.549e+00
27238.174607     -8.989e+00
27242.174607     -8.429e+00
27246.174607     -7.282e+00
27250.174607     -6.973e+00
27254.174607     -7.888e+00
27258.174607     -8.417e+00
27262.174607     -8.545e+00
27266.174607     -9.597e+00
27270.174607     -9.955e+00
27274.174607     -9.281e+00
27278.174607     -7.634e+00
27282.174607     -9.298e+00
27286.174607     -1.290e+01
27290.174607     -1.292e+01
27294.174607     -1.294e+01
27298.174607     -1.326e+01
27302.174607     -1.254e+01
27306.174607     -9.856e+00
27310.174607     -9.208e+00
27314.174607     -9.431e+00
27318.174607     -9.408e+00
27322.174607     -8.671e+00
27326.174607     -9.493e+00
27330.174607     -9.701e+00
27334.174607     -9.315e+00
27338.174607     -9.680e+00
27342.174607     -9.492e+00
27346.174607     -9.068e+00
27350.174607     -8.866e+00
27354.174607     -9.240e+00
27358.174607     -9.000e+00
27362.174607     -8.705e+00
27366.174607     -8.637e+00
27370.174607     -8.551e+00
27374.174607     -8.576e+00
27378.174607     -8.688e+00
27382.174607     -8.951e+00
27386.174607     -9.115e+00
27390.174607     -8.786e+00
27394.174607     -8.296e+00
27398.174607     -8.757e+00
27402.174607     -8.912e+00
27406.174607     -8.305e+00
27410.174607     -7.489e+00
27414.174607     -7.704e+00
27418.174607     -8.013e+00
27422.174607     -8.071e+00
27426.174607     -7.935e+00
27430.174607     -8.198e+00
27434.174607     -7.716e+00
27438.174607     -8.160e+00
27442.174607     -7.877e+00
27446.174607     -8.183e+00
27450.174607     -8.113e+00
27454.174607     -7.495e+00
27458.174607     -7.534e+00
27462.174607     -8.088e+00
27466.174607     -8.760e+00
27470.174607     -8.036e+00
27474.174607     -7.951e+00
27478.174607     -8.165e+00
27482.174607     -8.819e+00
27486.174607     -8.991e+00
27490.174607     -9.021e+00
27494.174607     -9.664e+00
27498.174607     -8.520e+00
27502.174607     -9.497e+00
27506.174607     -8.749e+00
27510.174607     -8.697e+00
27514.174607     -8.296e+00
27518.174607     -8.221e+00
27522.174607     -8.387e+00
27526.174607     -8.208e+00
27530.174607     -8.228e+00
27534.174607     -7.992e+00
27538.174607     -7.862e+00
27542.174607     -8.564e+00
27546.174607     -8.924e+00
27550.174607     -8.727e+00
27554.174607     -8.400e+00
27558.174607     -8.162e+00
27562.174607     -8.754e+00
27566.174607     -8.377e+00
27570.174607     -8.505e+00
27574.174607     -8.076e+00
27578.174607     -7.843e+00
27582.174607     -8.218e+00
27586.174607     -8.247e+00
27590.174607     -9.276e+00
27594.174607     -8.545e+00
27598.174607     -9.101e+00
27602.174607     -1.021e+01
27606.174607     -1.216e+01
27610.174607     -1.313e+01
27614.174607     -1.204e+01
27618.174607     -9.686e+00
27622.174607     -7.848e+00
27626.174607     -7.922e+00
27630.174607     -8.568e+00
27634.174607     -9.223e+00
27638.174607     -1.052e+01
27642.174607     -1.299e+01
27646.174607     -1.056e+01
27650.174607     -8.848e+00
27654.174607     -1.092e+01
27658.174607     -1.274e+01
27662.174607     -1.176e+01
27666.174607     -1.049e+01
27670.174607     -8.938e+00
27674.174607     -8.628e+00
27678.174607     -9.898e+00
27682.174607     -1.105e+01
27686.174607     -9.910e+00
27690.174607     -8.424e+00
27694.174607     -8.584e+00
27698.174607     -8.395e+00
27702.174607     -7.106e+00
27706.174607     -7.903e+00
27710.174607     -8.339e+00
27714.174607     -8.480e+00
27718.174607     -9.493e+00
27722.174607     -9.557e+00
27726.174607     -9.482e+00
27730.174607     -9.965e+00
27734.174607     -1.021e+01
27738.174607     -9.884e+00
27742.174607     -9.396e+00
27746.174607     -9.235e+00
27750.174607     -9.296e+00
27754.174607     -9.708e+00
27758.174607     -9.445e+00
27762.174607     -9.175e+00
27766.174607     -9.405e+00
27770.174607     -8.887e+00
27774.174607     -9.186e+00
27778.174607     -8.859e+00
27782.174607     -8.448e+00
27786.174607     -8.493e+00
27790.174607     -8.632e+00
27794.174607     -8.986e+00
27798.174607     -1.026e+01
27802.174607     -1.117e+01
27806.174607     -1.060e+01
27810.174607     -1.033e+01
27814.174607     -1.032e+01
27818.174607     -9.932e+00
27822.174607     -9.495e+00
27826.174607     -9.206e+00
27830.174607     -8.682e+00
27834.174607     -8.971e+00
27838.174607     -8.454e+00
27842.174607     -7.979e+00
27846.174607     -7.679e+00
27850.174607     -8.342e+00
27854.174607     -8.360e+00
27858.174607     -8.293e+00
27862.174607     -9.215e+00
27866.174607     -9.836e+00
27870.174607     -1.008e+01
27874.174607     -1.054e+01
27878.174607     -1.030e+01
27882.174607     -9.098e+00
27886.174607     -8.600e+00
27890.174607     -8.568e+00
27894.174607     -8.801e+00
27898.174607     -8.877e+00
27902.174607     -8.911e+00
27906.174607     -8.799e+00
27910.174607     -8.541e+00
27914.174607     -9.066e+00
27918.174607     -9.781e+00
27922.174607     -1.212e+01
27926.174607     -1.377e+01
27930.174607     -1.389e+01
27934.174607     -1.356e+01
27938.174607     -1.271e+01
27942.174607     -1.125e+01
27946.174607     -1.034e+01
27950.174607     -8.873e+00
27954.174607     -8.212e+00
27958.174607     -7.824e+00
27962.174607     -7.824e+00
27966.174607     -7.710e+00
27970.174607     -7.777e+00
27974.174607     -8.067e+00
27978.174607     -7.964e+00
27982.174607     -7.754e+00
27986.174607     -7.861e+00
27990.174607     -7.906e+00
27994.174607     -7.838e+00
27998.174607     -7.940e+00
28002.174607     -8.030e+00
28006.174607     -8.453e+00
28010.174607     -8.541e+00
28014.174607     -8.197e+00
28018.174607     -8.431e+00
28022.174607     -8.684e+00
28026.174607     -8.702e+00
28030.174607     -8.854e+00
28034.174607     -8.818e+00
28038.174607     -8.878e+00
28042.174607     -1.010e+01
28046.174607     -1.095e+01
28050.174607     -1.021e+01
28054.174607     -9.845e+00
28058.174607     -1.122e+01
28062.174607     -1.148e+01
28066.174607     -1.159e+01
28070.174607     -1.149e+01
28074.174607     -1.174e+01
28078.174607     -1.201e+01
28082.174607     -1.194e+01
28086.174607     -1.246e+01
28090.174607     -1.277e+01
28094.174607     -1.296e+01
28098.174607     -1.277e+01
28102.174607     -1.232e+01
28106.174607     -1.218e+01
28110.174607     -1.258e+01
28114.174607     -1.265e+01
28118.174607     -1.286e+01
28122.174607     -1.226e+01
28126.174607     -1.194e+01
28130.174607     -1.074e+01
28134.174607     -9.772e+00
28138.174607     -9.583e+00
28142.174607     -9.717e+00
28146.174607     -9.601e+00
28150.174607     -9.280e+00
28154.174607     -8.894e+00
28158.174607     -8.768e+00
28162.174607     -7.872e+00
28166.174607     -7.964e+00
28170.174607     -7.619e+00
28174.174607     -6.147e+00
28178.174607     -4.608e+00
28182.174607     -4.414e+00
28186.174607     -4.575e+00
28190.174607     -4.461e+00
28194.174607     -4.386e+00
28198.174607     -4.336e+00
28202.174607     -4.230e+00
28206.174607     -4.175e+00
28210.174607     -4.168e+00
28214.174607     -4.141e+00
28218.174607     -4.275e+00
28222.174607     -4.430e+00
28226.174607     -4.588e+00
28230.174607     -4.560e+00
28234.174607     -4.480e+00
28238.174607     -4.452e+00
28242.174607     -4.608e+00
28246.174607     -4.533e+00
28250.174607     -4.586e+00
28254.174607     -4.665e+00
28258.174607     -4.758e+00
28262.174607     -4.836e+00
28266.174607     -5.060e+00
28270.174607     -5.138e+00
28274.174607     -5.094e+00
28278.174607     -5.291e+00
28282.174607     -5.451e+00
28286.174607     -5.812e+00
28290.174607     -6.400e+00
28294.174607     -6.860e+00
28298.174607     -6.465e+00
28302.174607     -6.273e+00
28306.174607     -6.280e+00
28310.174607     -6.350e+00
28314.174607     -6.279e+00
28318.174607     -6.344e+00
28322.174607     -6.735e+00
28326.174607     -6.420e+00
28330.174607     -5.916e+00
28334.174607     -5.518e+00
28338.174607     -5.329e+00
28342.174607     -5.015e+00
28346.174607     -5.030e+00
28350.174607     -4.930e+00
28354.174607     -5.207e+00
28358.174607     -5.046e+00
28362.174607     -5.088e+00
28366.174607     -4.903e+00
28370.174607     -4.901e+00
28374.174607     -4.953e+00
28378.174607     -5.287e+00
28382.174607     -6.032e+00
28386.174607     -6.635e+00
28390.174607     -6.536e+00
28394.174607     -6.066e+00
28398.174607     -5.895e+00
28402.174607     -5.725e+00
28406.174607     -6.254e+00
28410.174607     -6.294e+00
28414.174607     -7.190e+00
28418.174607     -7.476e+00
28422.174607     -7.436e+00
28426.174607     -8.070e+00
28430.174607     -7.903e+00
28434.174607     -7.603e+00
28438.174607     -7.610e+00
28442.174607     -7.686e+00
28446.174607     -7.866e+00
28450.174607     -7.587e+00
28454.174607     -8.003e+00
28458.174607     -8.316e+00
28462.174607     -8.151e+00
28466.174607     -8.941e+00
28470.174607     -1.070e+01
28474.174607     -1.025e+01
28478.174607     -1.018e+01
28482.174607     -9.892e+00
28486.174607     -9.212e+00
28490.174607     -9.094e+00
28494.174607     -1.004e+01
28498.174607     -9.923e+00
28502.174607     -9.585e+00
28506.174607     -9.576e+00
28510.174607     -9.987e+00
28514.174607     -1.005e+01
28518.174607     -9.676e+00
28522.174607     -9.642e+00
28526.174607     -9.767e+00
28530.174607     -9.862e+00
28534.174607     -9.857e+00
28538.174607     -9.809e+00
28542.174607     -1.012e+01
28546.174607     -9.582e+00
28550.174607     -9.526e+00
28554.174607     -1.012e+01
28558.174607     -9.902e+00
28562.174607     -1.035e+01
28566.174607     -1.078e+01
28570.174607     -1.032e+01
28574.174607     -9.717e+00
28578.174607     -9.233e+00
28582.174607     -8.973e+00
28586.174607     -8.748e+00
28590.174607     -8.654e+00
28594.174607     -8.051e+00
28598.174607     -8.290e+00
28602.174607     -8.208e+00
28606.174607     -8.502e+00
28610.174607     -8.628e+00
28614.174607     -8.354e+00
28618.174607     -8.236e+00
28622.174607     -8.089e+00
28626.174607     -8.114e+00
28630.174607     -8.183e+00
28634.174607     -8.023e+00
28638.174607     -7.898e+00
28642.174607     -8.268e+00
28646.174607     -7.995e+00
28650.174607     -8.003e+00
28654.174607     -7.977e+00
28658.174607     -7.939e+00
28662.174607     -8.027e+00
28666.174607     -8.009e+00
28670.174607     -7.937e+00
28674.174607     -7.827e+00
28678.174607     -7.842e+00
28682.174607     -7.731e+00
28686.174607     -7.812e+00
28690.174607     -7.852e+00
28694.174607     -7.988e+00
28698.174607     -8.071e+00
28702.174607     -8.185e+00
28706.174607     -7.930e+00
28710.174607     -8.163e+00
28714.174607     -8.001e+00
28718.174607     -7.786e+00
28722.174607     -7.795e+00
28726.174607     -7.896e+00
28730.174607     -8.603e+00
28734.174607     -8.851e+00
28738.174607     -8.764e+00
28742.174607     -8.771e+00
28746.174607     -8.658e+00
28750.174607     -8.732e+00
28754.174607     -8.696e+00
28758.174607     -8.737e+00
28762.174607     -9.067e+00
28766.174607     -8.966e+00
28770.174607     -8.819e+00
28774.174607     -8.711e+00
28778.174607     -8.734e+00
28782.174607     -8.831e+00
28786.174607     -8.987e+00
28790.174607     -9.055e+00
28794.174607     -9.106e+00
28798.174607     -9.062e+00
28802.174607     -9.113e+00
28806.174607     -9.031e+00
28810.174607     -9.104e+00
28814.174607     -9.031e+00
28818.174607     -8.505e+00
28822.174607     -8.324e+00
28826.174607     -8.383e+00
28830.174607     -8.418e+00
28834.174607     -8.518e+00
28838.174607     -8.507e+00
28842.174607     -8.413e+00
28846.174607     -8.408e+00
28850.174607     -8.524e+00
28854.174607     -8.452e+00
28858.174607     -8.394e+00
28862.174607     -8.288e+00
28866.174607     -8.214e+00
28870.174607     -8.188e+00
28874.174607     -8.347e+00
28878.174607     -8.368e+00
28882.174607     -8.530e+00
28886.174607     -8.443e+00
28890.174607     -8.495e+00
28894.174607     -8.570e+00
28898.174607     -8.568e+00
28902.174607     -8.512e+00
28906.174607     -8.525e+00
28910.174607     -8.457e+00
28914.174607     -8.496e+00
28918.174607     -8.425e+00
28922.174607     -8.473e+00
28926.174607     -8.430e+00
28930.174607     -8.463e+00
28934.174607            NaN
28938.174607            NaN
28942.174607            NaN
28946.174607            NaN
28950.174607     -9.043e+00
28954.174607     -9.162e+00
28958.174607     -9.009e+00
28962.174607     -8.927e+00
28966.174607     -9.133e+00
28970.174607     -9.260e+00
28974.174607     -8.850e+00
28978.174607     -8.336e+00
28982.174607     -7.848e+00
28986.174607     -7.993e+00
28990.174607     -7.855e+00
28994.174607     -7.244e+00
28998.174607     -7.730e+00
29002.174607     -8.447e+00
29006.174607     -8.306e+00
29010.174607     -8.156e+00
29014.174607     -8.046e+00
29018.174607     -7.566e+00
29022.174607     -8.085e+00
29026.174607     -8.454e+00
29030.174607     -8.537e+00
29034.174607            NaN
29038.174607            NaN
29042.174607            NaN
29046.174607            NaN
29050.174607            NaN
29054.174607            NaN
29058.174607            NaN
29062.174607            NaN
29066.174607            NaN
29070.174607            NaN
29074.174607            NaN
29078.174607            NaN
29082.174607            NaN
29086.174607            NaN
29090.174607            NaN
29094.174607            NaN
29098.174607            NaN
29102.174607            NaN
29106.174607            NaN
29110.174607            NaN
29114.174607            NaN
29118.174607            NaN
29122.174607            NaN
29126.174607            NaN
29130.174607            NaN
29134.174607            NaN
29138.174607            NaN
29142.174607            NaN
29146.174607            NaN
29150.174607            NaN
29154.174607            NaN
29158.174607            NaN
29162.174607            NaN
29166.174607            NaN
29170.174607            NaN
29174.174607            NaN
29178.174607            NaN
29182.174607            NaN
29186.174607            NaN
29190.174607            NaN
29194.174607            NaN
29198.174607            NaN
29202.174607            NaN
29206.174607            NaN
29210.174607            NaN
29214.174607            NaN
29218.174607            NaN
29222.174607            NaN
29226.174607            NaN
29230.174607            NaN
29234.174607            NaN
29238.174607            NaN
29242.174607            NaN
29246.174607            NaN
29250.174607            NaN
29254.174607            NaN
29258.174607            NaN
29262.174607            NaN
29266.174607            NaN
29270.174607            NaN
29274.174607            NaN
29278.174607            NaN
29282.174607            NaN
29286.174607            NaN
29290.174607            NaN
29294.174607            NaN
29298.174607            NaN
29302.174607            NaN
29306.174607            NaN
29310.174607            NaN
29314.174607            NaN
29318.174607            NaN
29322.174607            NaN
29326.174607            NaN
29330.174607            NaN
29334.174607            NaN
29338.174607            NaN
29342.174607            NaN
29346.174607            NaN
29350.174607            NaN
29354.174607            NaN
29358.174607            NaN
29362.174607            NaN
29366.174607            NaN
29370.174607            NaN
29374.174607            NaN
29378.174607            NaN
29382.174607            NaN
29386.174607            NaN
29390.174607            NaN
29394.174607            NaN
29398.174607            NaN
29402.174607            NaN
29406.174607            NaN
29410.174607            NaN
29414.174607            NaN
29418.174607            NaN
29422.174607            NaN
29426.174607            NaN
29430.174607            NaN
29434.174607            NaN
29438.174607            NaN
29442.174607            NaN
29446.174607            NaN
29450.174607            NaN
29454.174607            NaN
29458.174607            NaN
29462.174607            NaN
29466.174607            NaN
29470.174607            NaN
29474.174607            NaN
29478.174607            NaN
29482.174607            NaN
29486.174607            NaN
29490.174607            NaN
29494.174607            NaN
29498.174607            NaN
29502.174607            NaN
29506.174607            NaN
29510.174607            NaN
29514.174607            NaN
29518.174607            NaN
29522.174607            NaN
29526.174607            NaN
29530.174607            NaN
29534.174607            NaN
29538.174607            NaN
29542.174607            NaN
29546.174607            NaN
29550.174607            NaN
29554.174607            NaN
29558.174607            NaN
29562.174607            NaN
29566.174607            NaN
29570.174607            NaN
29574.174607            NaN
29578.174607            NaN
29582.174607            NaN
29586.174607     -8.186e+00
29590.174607     -8.084e+00
29594.174607     -8.065e+00
29598.174607     -8.210e+00
29602.174607     -8.178e+00
29606.174607     -8.232e+00
29610.174607     -8.213e+00
29614.174607     -8.185e+00
29618.174607     -8.156e+00
29622.174607     -8.183e+00
29626.174607     -8.360e+00
29630.174607     -8.538e+00
29634.174607     -8.578e+00
29638.174607     -8.599e+00
29642.174607     -8.553e+00
29646.174607     -8.679e+00
29650.174607     -8.609e+00
29654.174607     -8.476e+00
29658.174607     -8.416e+00
29662.174607     -8.424e+00
29666.174607     -8.139e+00
29670.174607     -7.770e+00
29674.174607     -7.822e+00
29678.174607     -8.209e+00
29682.174607     -8.106e+00
29686.174607     -8.039e+00
29690.174607     -8.062e+00
29694.174607     -8.019e+00
29698.174607     -8.038e+00
29702.174607     -8.001e+00
29706.174607     -7.913e+00
29710.174607     -7.761e+00
29714.174607     -7.561e+00
29718.174607     -7.775e+00
29722.174607     -8.017e+00
29726.174607     -7.320e+00
29730.174607     -7.660e+00
29734.174607     -7.976e+00
29738.174607     -7.859e+00
29742.174607     -7.301e+00
29746.174607     -7.399e+00
29750.174607     -7.537e+00
29754.174607     -7.153e+00
29758.174607     -7.130e+00
29762.174607     -7.555e+00
29766.174607     -7.552e+00
29770.174607     -7.127e+00
29774.174607     -7.152e+00
29778.174607     -7.873e+00
29782.174607     -8.320e+00
29786.174607     -8.578e+00
29790.174607     -8.273e+00
29794.174607     -8.077e+00
29798.174607     -8.191e+00
29802.174607     -8.132e+00
29806.174607     -7.679e+00
29810.174607     -7.507e+00
29814.174607     -7.608e+00
29818.174607     -7.530e+00
29822.174607     -7.344e+00
29826.174607     -7.226e+00
29830.174607     -7.259e+00
29834.174607     -7.232e+00
29838.174607     -7.240e+00
29842.174607     -7.332e+00
29846.174607     -7.440e+00
29850.174607     -7.451e+00
29854.174607     -7.325e+00
29858.174607     -7.193e+00
29862.174607     -7.139e+00
29866.174607     -7.690e+00
29870.174607     -8.089e+00
29874.174607     -8.071e+00
29878.174607     -7.754e+00
29882.174607     -7.794e+00
29886.174607     -7.615e+00
29890.174607     -7.415e+00
29894.174607     -7.689e+00
29898.174607     -8.139e+00
29902.174607     -7.965e+00
29906.174607     -7.716e+00
29910.174607     -7.495e+00
29914.174607     -7.095e+00
29918.174607     -7.288e+00
29922.174607     -7.338e+00
29926.174607     -7.103e+00
29930.174607     -6.584e+00
29934.174607     -6.273e+00
29938.174607     -6.338e+00
29942.174607     -6.194e+00
29946.174607     -5.959e+00
29950.174607     -6.042e+00
29954.174607     -6.178e+00
29958.174607     -6.230e+00
29962.174607     -6.121e+00
29966.174607     -6.190e+00
29970.174607     -6.172e+00
29974.174607     -6.126e+00
29978.174607     -6.211e+00
29982.174607     -6.050e+00
29986.174607     -6.067e+00
29990.174607     -6.011e+00
29994.174607     -6.097e+00
29998.174607     -6.161e+00
30002.174607     -6.114e+00
30006.174607     -6.088e+00
30010.174607     -6.124e+00
30014.174607     -6.124e+00
30018.174607     -5.961e+00
30022.174607     -6.215e+00
30026.174607     -6.119e+00
30030.174607     -6.236e+00
30034.174607     -6.306e+00
30038.174607     -6.039e+00
30042.174607     -6.477e+00
30046.174607     -6.734e+00
30050.174607     -6.936e+00
30054.174607     -6.991e+00
30058.174607     -7.045e+00
30062.174607     -7.236e+00
30066.174607     -7.262e+00
30070.174607     -7.273e+00
30074.174607     -7.064e+00
30078.174607     -7.055e+00
30082.174607     -7.508e+00
30086.174607     -8.040e+00
30090.174607     -8.228e+00
30094.174607     -8.437e+00
30098.174607     -8.774e+00
30102.174607     -9.189e+00
30106.174607     -9.588e+00
30110.174607     -9.691e+00
30114.174607     -9.673e+00
30118.174607     -9.596e+00
30122.174607     -9.363e+00
30126.174607     -9.278e+00
30130.174607     -9.315e+00
30134.174607     -9.540e+00
30138.174607     -9.628e+00
30142.174607     -9.454e+00
30146.174607     -9.373e+00
30150.174607     -9.245e+00
30154.174607     -9.194e+00
30158.174607     -9.127e+00
30162.174607     -8.620e+00
30166.174607     -8.911e+00
30170.174607     -9.968e+00
30174.174607     -8.583e+00
30178.174607     -8.166e+00
30182.174607     -7.704e+00
30186.174607     -7.781e+00
30190.174607     -7.674e+00
30194.174607     -7.787e+00
30198.174607     -7.738e+00
30202.174607     -7.724e+00
30206.174607     -7.729e+00
30210.174607     -7.758e+00
30214.174607     -8.029e+00
30218.174607     -7.982e+00
30222.174607     -7.784e+00
30226.174607     -7.783e+00
30230.174607     -7.686e+00
30234.174607     -7.691e+00
30238.174607     -7.809e+00
30242.174607     -7.849e+00
30246.174607     -7.918e+00
30250.174607     -7.913e+00
30254.174607     -7.944e+00
30258.174607     -8.075e+00
30262.174607     -8.233e+00
30266.174607     -8.314e+00
30270.174607     -9.309e+00
30274.174607     -1.026e+01
30278.174607     -1.056e+01
30282.174607     -1.049e+01
30286.174607     -1.007e+01
30290.174607     -1.000e+01
30294.174607     -9.814e+00
30298.174607     -9.697e+00
30302.174607     -1.012e+01
30306.174607     -9.990e+00
30310.174607     -1.031e+01
30314.174607     -1.017e+01
30318.174607     -9.921e+00
30322.174607     -1.016e+01
30326.174607     -1.011e+01
30330.174607     -9.919e+00
30334.174607     -1.004e+01
30338.174607     -1.012e+01
30342.174607     -1.011e+01
30346.174607     -1.039e+01
30350.174607     -1.003e+01
30354.174607     -1.018e+01
30358.174607     -8.881e+00
30362.174607     -8.355e+00
30366.174607     -8.423e+00
30370.174607     -8.420e+00
30374.174607     -8.451e+00
30378.174607     -8.554e+00
30382.174607     -8.597e+00
30386.174607     -8.491e+00
30390.174607     -8.382e+00
30394.174607     -8.204e+00
30398.174607     -8.176e+00
30402.174607     -8.192e+00
30406.174607     -8.019e+00
30410.174607     -8.034e+00
30414.174607     -8.120e+00
30418.174607     -8.109e+00
30422.174607     -8.089e+00
30426.174607     -8.131e+00
30430.174607     -8.179e+00
30434.174607     -8.234e+00
30438.174607     -8.176e+00
30442.174607     -8.205e+00
30446.174607     -8.234e+00
30450.174607     -8.313e+00
30454.174607     -8.586e+00
30458.174607     -8.648e+00
30462.174607     -8.795e+00
30466.174607     -8.740e+00
30470.174607     -8.760e+00
30474.174607     -8.494e+00
30478.174607     -8.484e+00
30482.174607     -8.472e+00
30486.174607     -8.509e+00
30490.174607     -8.634e+00
30494.174607     -8.704e+00
30498.174607     -8.714e+00
30502.174607     -8.733e+00
30506.174607     -8.698e+00
30510.174607     -8.718e+00
30514.174607     -8.867e+00
30518.174607     -8.970e+00
30522.174607     -9.057e+00
30526.174607     -9.074e+00
30530.174607     -9.086e+00
30534.174607     -9.021e+00
30538.174607     -8.960e+00
30542.174607     -8.899e+00
30546.174607     -8.901e+00
30550.174607     -8.894e+00
30554.174607     -8.811e+00
30558.174607     -8.833e+00
30562.174607     -8.754e+00
30566.174607     -8.664e+00
30570.174607     -8.495e+00
30574.174607     -8.377e+00
30578.174607     -8.368e+00
30582.174607     -8.321e+00
30586.174607     -8.352e+00
30590.174607     -8.516e+00
30594.174607     -8.424e+00
30598.174607     -8.304e+00
