2014-05-19T00:00:00.032106,359078334.105924, 2.3498558e-08, 1.9440500e+01
2014-05-19T00:00:00.065439,359078334.139258, 2.3498558e-08, 1.9440500e+01
2014-05-19T00:00:00.098772,359078334.172591, 2.3498558e-08, 1.9440500e+01
2014-05-19T00:00:00.132106,359078334.205924, 2.3498558e-08, 1.9440500e+01
2014-05-19T00:00:00.165439,359078334.239258, 2.3498558e-08, 1.9440500e+01
2014-05-19T00:00:00.198772,359078334.272591, 2.3498558e-08, 1.9440500e+01
2014-05-19T00:00:00.232106,359078334.305924, 2.3498558e-08, 1.9440500e+01
2014-05-19T00:00:00.265439,359078334.339258, 2.3498558e-08, 1.9440500e+01
2014-05-19T00:00:00.298772,359078334.372591, 2.3498558e-08, 1.9440500e+01
2014-05-19T00:00:00.332106,359078334.405924, 2.3498558e-08, 1.9440500e+01
2014-05-19T00:00:00.365439,359078334.439258, 2.3498558e-08, 1.9440500e+01
2014-05-19T00:00:00.398772,359078334.472591, 2.3498558e-08, 1.9440500e+01
2014-05-19T00:00:00.432106,359078334.505924, 2.3498558e-08, 1.9440500e+01
2014-05-19T00:00:00.465439,359078334.539258, 2.3498558e-08, 1.9440500e+01
2014-05-19T00:00:00.498772,359078334.572591, 2.3498558e-08, 1.9440500e+01
2014-05-19T00:00:00.532106,359078334.605924, 2.3498558e-08, 1.9440500e+01
2014-05-19T00:00:00.565439,359078334.639258, 2.3498558e-08, 1.9440500e+01
2014-05-19T00:00:00.598773,359078334.672591, 2.3498558e-08, 1.9440500e+01
2014-05-19T00:00:00.632106,359078334.705924, 2.3498558e-08, 1.9440500e+01
2014-05-19T00:00:00.665439,359078334.739258, 2.3498558e-08, 1.9440500e+01
2014-05-19T00:00:00.698772,359078334.772591, 2.3498558e-08, 1.9440500e+01
2014-05-19T00:00:00.732106,359078334.805924, 2.3498558e-08, 1.9440500e+01
2014-05-19T00:00:00.765439,359078334.839258, 2.3498558e-08, 1.9440500e+01
2014-05-19T00:00:00.798773,359078334.872591, 2.3498558e-08, 1.9440500e+01
2014-05-19T00:00:00.832106,359078334.905924, 2.3498558e-08, 1.9440500e+01
2014-05-19T00:00:00.865439,359078334.939258, 2.3498558e-08, 1.9440500e+01
2014-05-19T00:00:00.898772,359078334.972591, 2.3498558e-08, 1.9440500e+01
2014-05-19T00:00:00.932106,359078335.005924, 2.3498558e-08, 1.9440500e+01
2014-05-19T00:00:00.965439,359078335.039258, 2.3498558e-08, 1.9440500e+01
2014-05-19T00:00:00.998773,359078335.072591, 2.3498558e-08, 1.9440500e+01
2014-05-19T00:00:01.032106,359078335.105924, 2.3498558e-08, 1.9440500e+01
2014-05-19T00:00:01.065439,359078335.139258, 2.3498558e-08, 1.9440500e+01
2014-05-19T00:00:01.098773,359078335.172591, 2.3498558e-08, 1.9440500e+01
2014-05-19T00:00:01.132106,359078335.205924, 2.3498558e-08, 1.9440500e+01
2014-05-19T00:00:01.165439,359078335.239258, 2.3498558e-08, 1.9440500e+01
2014-05-19T00:00:01.198773,359078335.272591, 2.3498558e-08, 1.9440500e+01
2014-05-19T00:00:01.232106,359078335.305924, 2.3498558e-08, 1.9440500e+01
2014-05-19T00:00:01.265439,359078335.339258, 2.3498558e-08, 1.9440500e+01
2014-05-19T00:00:01.298773,359078335.372591, 2.3498558e-08, 1.9440500e+01
2014-05-19T00:00:01.332106,359078335.405924, 2.3498558e-08, 1.9440500e+01
2014-05-19T00:00:01.365439,359078335.439258, 2.3498558e-08, 1.9440500e+01
2014-05-19T00:00:01.398773,359078335.472591, 2.3498558e-08, 1.9440500e+01
2014-05-19T00:00:01.432106,359078335.505924, 2.3498558e-08, 1.9440500e+01
2014-05-19T00:00:01.465439,359078335.539258, 2.3498558e-08, 1.9440500e+01
2014-05-19T00:00:01.498773,359078335.572591, 2.3498558e-08, 1.9440500e+01
2014-05-19T00:00:01.532106,359078335.605924, 2.3498558e-08, 1.9440500e+01
2014-05-19T00:00:01.565439,359078335.639258, 2.3498558e-08, 1.9440500e+01
2014-05-19T00:00:01.598773,359078335.672591, 2.3498558e-08, 1.9440500e+01
2014-05-19T00:00:01.632106,359078335.705924, 2.3498558e-08, 1.9440500e+01
2014-05-19T00:00:01.665439,359078335.739258, 2.3498558e-08, 1.9440500e+01
2014-05-19T00:00:01.698773,359078335.772591, 2.3498558e-08, 1.9440500e+01
2014-05-19T00:00:01.732106,359078335.805924, 2.3498558e-08, 1.9440500e+01
2014-05-19T00:00:01.765440,359078335.839258, 2.3498558e-08, 1.9440500e+01
2014-05-19T00:00:01.798773,359078335.872591, 2.3498558e-08, 1.9440500e+01
2014-05-19T00:00:01.832106,359078335.905924, 2.3498558e-08, 1.9440500e+01
2014-05-19T00:00:01.865440,359078335.939258, 2.3498558e-08, 1.9440500e+01
2014-05-19T00:00:01.898773,359078335.972591, 2.3498558e-08, 1.9440500e+01
2014-05-19T00:00:01.932106,359078336.005924, 2.3498558e-08, 1.9440500e+01
2014-05-19T00:00:01.965440,359078336.039258, 2.3498558e-08, 1.9440500e+01
2014-05-19T00:00:01.998773,359078336.072591, 2.3498558e-08, 1.9440500e+01
2014-05-19T00:00:02.032106,359078336.105924, 2.3498558e-08, 1.9440500e+01
2014-05-19T00:00:02.065440,359078336.139258, 2.3498558e-08, 1.9440500e+01
2014-05-19T00:00:02.098773,359078336.172591, 2.3498558e-08, 1.9440500e+01
2014-05-19T00:00:02.132106,359078336.205924, 2.3498558e-08, 1.9440500e+01
2014-05-19T00:00:02.165440,359078336.239258, 2.3498558e-08, 1.9440500e+01
2014-05-19T00:00:02.198773,359078336.272591, 2.3498558e-08, 1.9440500e+01
2014-05-19T00:00:02.232106,359078336.305924, 2.3498558e-08, 1.9440500e+01
2014-05-19T00:00:02.265440,359078336.339258, 2.3498558e-08, 1.9440500e+01
2014-05-19T00:00:02.298773,359078336.372591, 2.3498558e-08, 1.9440500e+01
2014-05-19T00:00:02.332106,359078336.405924, 2.3498558e-08, 1.9440500e+01
2014-05-19T00:00:02.365440,359078336.439258, 2.3498558e-08, 1.9440500e+01
2014-05-19T00:00:02.398773,359078336.472591, 2.3498558e-08, 1.9440500e+01
2014-05-19T00:00:02.432106,359078336.505924, 2.3498558e-08, 1.9440500e+01
2014-05-19T00:00:02.465440,359078336.539258, 2.3498558e-08, 1.9440500e+01
2014-05-19T00:00:02.498773,359078336.572591, 2.3498558e-08, 1.9440500e+01
2014-05-19T00:00:02.532106,359078336.605924, 2.3498558e-08, 1.9440500e+01
2014-05-19T00:00:02.565440,359078336.639258, 2.3498558e-08, 1.9440500e+01
2014-05-19T00:00:02.598773,359078336.672591, 2.3498558e-08, 1.9440500e+01
2014-05-19T00:00:02.632107,359078336.705924, 2.3498558e-08, 1.9440500e+01
2014-05-19T00:00:02.665440,359078336.739258, 2.3498558e-08, 1.9440500e+01
2014-05-19T00:00:02.698773,359078336.772591, 2.3498558e-08, 1.9440500e+01
2014-05-19T00:00:02.732106,359078336.805924, 2.3498558e-08, 1.9440500e+01
2014-05-19T00:00:02.765440,359078336.839258, 2.3498558e-08, 1.9440500e+01
2014-05-19T00:00:02.798773,359078336.872591, 2.3498558e-08, 1.9440500e+01
2014-05-19T00:00:02.832107,359078336.905924, 2.3498558e-08, 1.9440500e+01
2014-05-19T00:00:02.865440,359078336.939258, 2.3498558e-08, 1.9440500e+01
2014-05-19T00:00:02.898773,359078336.972591, 2.3498558e-08, 1.9440500e+01
2014-05-19T00:00:02.932106,359078337.005924, 2.3498558e-08, 1.9440500e+01
2014-05-19T00:00:02.965440,359078337.039258, 2.3498558e-08, 1.9440500e+01
2014-05-19T00:00:02.998773,359078337.072591, 2.3498558e-08, 1.9440500e+01
2014-05-19T00:00:03.032107,359078337.105924, 2.3498558e-08, 1.9440500e+01
2014-05-19T00:00:03.065440,359078337.139258, 2.3498558e-08, 1.9440500e+01
2014-05-19T00:00:03.098773,359078337.172591, 2.3498558e-08, 1.9440500e+01
2014-05-19T00:00:03.132107,359078337.205924, 2.3498558e-08, 1.9440500e+01
2014-05-19T00:00:03.165440,359078337.239258, 2.3498558e-08, 1.9440500e+01
2014-05-19T00:00:03.198773,359078337.272591, 2.3498558e-08, 1.9440500e+01
2014-05-19T00:00:03.232107,359078337.305924, 2.3498558e-08, 1.9440500e+01
2014-05-19T00:00:03.265440,359078337.339258, 2.3498558e-08, 1.9440500e+01
2014-05-19T00:00:03.298773,359078337.372591, 2.3498558e-08, 1.9440500e+01
2014-05-19T00:00:03.332107,359078337.405924, 2.3498558e-08, 1.9440500e+01
2014-05-19T00:00:03.365440,359078337.439258, 2.3498558e-08, 1.9440500e+01
2014-05-19T00:00:03.398773,359078337.472591, 2.3498558e-08, 1.9440500e+01
2014-05-19T00:00:03.432107,359078337.505924, 2.3498558e-08, 1.9440500e+01
2014-05-19T00:00:03.465440,359078337.539258, 2.3498558e-08, 1.9440500e+01
2014-05-19T00:00:03.498773,359078337.572591, 2.3498558e-08, 1.9440500e+01
2014-05-19T00:00:03.532107,359078337.605924, 2.3498558e-08, 1.9440500e+01
2014-05-19T00:00:03.565440,359078337.639258, 2.3498558e-08, 1.9440500e+01
2014-05-19T00:00:03.598773,359078337.672591, 2.3498558e-08, 1.9440500e+01
2014-05-19T00:00:03.632107,359078337.705924, 2.3498558e-08, 1.9440500e+01
2014-05-19T00:00:03.665440,359078337.739258, 2.3498558e-08, 1.9440500e+01
2014-05-19T00:00:03.698774,359078337.772591, 2.3498558e-08, 1.9440500e+01
2014-05-19T00:00:03.732107,359078337.805924, 2.3498558e-08, 1.9440500e+01
2014-05-19T00:00:03.765440,359078337.839258, 2.3498558e-08, 1.9440500e+01
2014-05-19T00:00:03.798774,359078337.872591, 2.3498558e-08, 1.9440500e+01
2014-05-19T00:00:03.832107,359078337.905924, 2.3498558e-08, 1.9440500e+01
2014-05-19T00:00:03.865440,359078337.939258, 2.3498558e-08, 1.9440500e+01
2014-05-19T00:00:03.898774,359078337.972591, 2.3498558e-08, 1.9440500e+01
2014-05-19T00:00:03.932107,359078338.005924, 2.3498558e-08, 1.9440500e+01
2014-05-19T00:00:03.965440,359078338.039258, 2.3498558e-08, 1.9440500e+01
2014-05-19T00:00:03.998774,359078338.072591, 2.3498558e-08, 1.9440500e+01
2014-05-19T00:00:04.032107,359078338.105924, 2.3498558e-08, 1.9440500e+01
2014-05-19T00:00:04.065440,359078338.139258, 2.3498558e-08, 1.9440500e+01
2014-05-19T00:00:04.098774,359078338.172591, 2.3498558e-08, 1.9440500e+01
2014-05-19T00:00:04.132107,359078338.205924, 2.3498558e-08, 1.9440500e+01
2014-05-19T00:00:04.165440,359078338.239258, 2.3498558e-08, 1.9440500e+01
2014-05-19T00:00:04.198774,359078338.272591, 2.3498558e-08, 1.9440500e+01
2014-05-19T00:00:04.232107,359078338.305924, 2.3498558e-08, 1.9440500e+01
2014-05-19T00:00:04.265440,359078338.339258, 2.3498558e-08, 1.9440500e+01
2014-05-19T00:00:04.298774,359078338.372591, 2.3498558e-08, 1.9440500e+01
2014-05-19T00:00:04.332107,359078338.405924, 2.3498558e-08, 1.9440500e+01
2014-05-19T00:00:04.365440,359078338.439258, 2.3498558e-08, 1.9440500e+01
2014-05-19T00:00:04.398774,359078338.472591, 2.3498558e-08, 1.9440500e+01
2014-05-19T00:00:04.432107,359078338.505924, 2.3498558e-08, 1.9440500e+01
2014-05-19T00:00:04.465441,359078338.539258, 2.3498558e-08, 1.9440500e+01
2014-05-19T00:00:04.498774,359078338.572591, 2.3498558e-08, 1.9440500e+01
2014-05-19T00:00:04.532107,359078338.605924, 2.3498558e-08, 1.9440500e+01
2014-05-19T00:00:04.565440,359078338.639258, 2.3498558e-08, 1.9440500e+01
2014-05-19T00:00:04.598774,359078338.672591, 2.3498558e-08, 1.9440500e+01
2014-05-19T00:00:04.632107,359078338.705924, 2.3498558e-08, 1.9440500e+01
2014-05-19T00:00:04.665441,359078338.739258, 2.3498558e-08, 1.9440500e+01
2014-05-19T00:00:04.698774,359078338.772591, 2.3498558e-08, 1.9440500e+01
2014-05-19T00:00:04.732107,359078338.805924, 2.3498558e-08, 1.9440500e+01
2014-05-19T00:00:04.765441,359078338.839258, 2.3498558e-08, 1.9440500e+01
2014-05-19T00:00:04.798774,359078338.872591, 2.3498558e-08, 1.9440500e+01
2014-05-19T00:00:04.832107,359078338.905924, 2.3498558e-08, 1.9440500e+01
2014-05-19T00:00:04.865441,359078338.939258, 2.3498558e-08, 1.9440500e+01
2014-05-19T00:00:04.898774,359078338.972591, 2.3498558e-08, 1.9440500e+01
2014-05-19T00:00:04.932107,359078339.005924, 2.3498558e-08, 1.9440500e+01
2014-05-19T00:00:04.965441,359078339.039258, 2.3498558e-08, 1.9440500e+01
2014-05-19T00:00:04.998774,359078339.072591, 2.3803734e-08, 1.9440500e+01
2014-05-19T00:00:05.032107,359078339.105924, 2.3803734e-08, 1.9440500e+01
2014-05-19T00:00:05.065441,359078339.139258, 2.3803734e-08, 1.9440500e+01
2014-05-19T00:00:05.098774,359078339.172591, 2.3498558e-08, 1.9440500e+01
2014-05-19T00:00:05.132107,359078339.205924, 2.3498558e-08, 1.9440500e+01
2014-05-19T00:00:05.165441,359078339.239258, 2.3498558e-08, 1.9440500e+01
2014-05-19T00:00:05.198774,359078339.272591, 2.3498558e-08, 1.9440500e+01
2014-05-19T00:00:05.232107,359078339.305924, 2.3498558e-08, 1.9440500e+01
2014-05-19T00:00:05.265441,359078339.339258, 2.3498558e-08, 1.9440500e+01
2014-05-19T00:00:05.298774,359078339.372591, 2.3498558e-08, 1.9440500e+01
2014-05-19T00:00:05.332108,359078339.405924, 2.3498558e-08, 1.9440500e+01
2014-05-19T00:00:05.365441,359078339.439258, 2.3498558e-08, 1.9440500e+01
2014-05-19T00:00:05.398774,359078339.472591, 2.3498558e-08, 1.9440500e+01
2014-05-19T00:00:05.432107,359078339.505924, 2.3498558e-08, 1.9440500e+01
2014-05-19T00:00:05.465441,359078339.539258, 2.3498558e-08, 1.9440500e+01
2014-05-19T00:00:05.498774,359078339.572591, 2.3498558e-08, 1.9440500e+01
2014-05-19T00:00:05.532108,359078339.605924, 2.3498558e-08, 1.9440500e+01
2014-05-19T00:00:05.565441,359078339.639258, 2.3498558e-08, 1.9440500e+01
2014-05-19T00:00:05.598774,359078339.672591, 2.3498558e-08, 1.9440500e+01
2014-05-19T00:00:05.632107,359078339.705924, 2.3498558e-08, 1.9440500e+01
2014-05-19T00:00:05.665441,359078339.739258, 2.3498558e-08, 1.9440500e+01
2014-05-19T00:00:05.698774,359078339.772591, 2.3498558e-08, 1.9440500e+01
2014-05-19T00:00:05.732108,359078339.805924, 2.3498558e-08, 1.9440500e+01
2014-05-19T00:00:05.765441,359078339.839258, 2.3498558e-08, 1.9440500e+01
2014-05-19T00:00:05.798774,359078339.872591, 2.3498558e-08, 1.9440500e+01
2014-05-19T00:00:05.832108,359078339.905924, 2.3498558e-08, 1.9440500e+01
2014-05-19T00:00:05.865441,359078339.939258, 2.3498558e-08, 1.9440500e+01
2014-05-19T00:00:05.898774,359078339.972591, 2.3498558e-08, 1.9440500e+01
2014-05-19T00:00:05.932108,359078340.005924, 2.3498558e-08, 1.9440500e+01
2014-05-19T00:00:05.965441,359078340.039258, 2.3498558e-08, 1.9440500e+01
2014-05-19T00:00:05.998774,359078340.072591, 2.3498558e-08, 1.9440500e+01
2014-05-19T00:00:06.032108,359078340.105924, 2.3498558e-08, 1.9440500e+01
2014-05-19T00:00:06.065441,359078340.139258, 2.3498558e-08, 1.9440500e+01
2014-05-19T00:00:06.098774,359078340.172591, 2.3498558e-08, 1.9440500e+01
2014-05-19T00:00:06.132108,359078340.205924, 2.3498558e-08, 1.9440500e+01
2014-05-19T00:00:06.165441,359078340.239258, 2.3498558e-08, 1.9440500e+01
2014-05-19T00:00:06.198774,359078340.272591, 2.3498558e-08, 1.9440500e+01
2014-05-19T00:00:06.232108,359078340.305924, 2.3498558e-08, 1.9440500e+01
2014-05-19T00:00:06.265441,359078340.339258, 2.3498558e-08, 1.9440500e+01
2014-05-19T00:00:06.298774,359078340.372591, 2.3498558e-08, 1.9440500e+01
2014-05-19T00:00:06.332108,359078340.405924, 2.3498558e-08, 1.9440500e+01
2014-05-19T00:00:06.365441,359078340.439258, 2.3498558e-08, 1.9440500e+01
2014-05-19T00:00:06.398774,359078340.472591, 2.3498558e-08, 1.9440500e+01
2014-05-19T00:00:06.432108,359078340.505924, 2.3498558e-08, 1.9440500e+01
2014-05-19T00:00:06.465441,359078340.539258, 2.3498558e-08, 1.9440500e+01
2014-05-19T00:00:06.498775,359078340.572591, 2.3498558e-08, 1.9440500e+01
2014-05-19T00:00:06.532108,359078340.605924, 2.3498558e-08, 1.9440500e+01
2014-05-19T00:00:06.565441,359078340.639258, 2.3498558e-08, 1.9440500e+01
2014-05-19T00:00:06.598774,359078340.672591, 2.3498558e-08, 1.9440500e+01
2014-05-19T00:00:06.632108,359078340.705924, 2.3498558e-08, 1.9440500e+01
2014-05-19T00:00:06.665441,359078340.739258, 2.3498558e-08, 1.9440500e+01
2014-05-19T00:00:06.698775,359078340.772591, 2.3498558e-08, 1.9440500e+01
2014-05-19T00:00:06.732108,359078340.805924, 2.3498558e-08, 1.9440500e+01
2014-05-19T00:00:06.765441,359078340.839258, 2.3498558e-08, 1.9440500e+01
2014-05-19T00:00:06.798774,359078340.872591, 2.3498558e-08, 1.9440500e+01
2014-05-19T00:00:06.832108,359078340.905924, 2.3498558e-08, 1.9440500e+01
2014-05-19T00:00:06.865441,359078340.939258, 2.3498558e-08, 1.9440500e+01
2014-05-19T00:00:06.898775,359078340.972591, 2.3498558e-08, 1.9440500e+01
2014-05-19T00:00:06.932108,359078341.005924, 2.3498558e-08, 1.9440500e+01
2014-05-19T00:00:06.965441,359078341.039258, 2.3498558e-08, 1.9440500e+01
2014-05-19T00:00:06.998775,359078341.072591, 2.3498558e-08, 1.9440500e+01
2014-05-19T00:00:07.032108,359078341.105924, 2.3498558e-08, 1.9440500e+01
2014-05-19T00:00:07.065441,359078341.139258, 2.3498558e-08, 1.9440500e+01
2014-05-19T00:00:07.098775,359078341.172591, 2.3498558e-08, 1.9440500e+01
2014-05-19T00:00:07.132108,359078341.205924, 2.3498558e-08, 1.9440500e+01
2014-05-19T00:00:07.165442,359078341.239258, 2.3498558e-08, 1.9440500e+01
2014-05-19T00:00:07.198775,359078341.272591, 2.3498558e-08, 1.9440500e+01
2014-05-19T00:00:07.232108,359078341.305924, 2.3498558e-08, 1.9440500e+01
2014-05-19T00:00:07.265441,359078341.339258, 2.3803734e-08, 1.9440500e+01
2014-05-19T00:00:07.298775,359078341.372591, 2.3803734e-08, 1.9440500e+01
2014-05-19T00:00:07.332108,359078341.405924, 2.3498558e-08, 1.9440500e+01
2014-05-19T00:00:07.365442,359078341.439258, 2.3498558e-08, 1.9440500e+01
2014-05-19T00:00:07.398775,359078341.472591, 2.3498558e-08, 1.9440500e+01
2014-05-19T00:00:07.432108,359078341.505924, 2.3498558e-08, 1.9440500e+01
2014-05-19T00:00:07.465441,359078341.539258, 2.3498558e-08, 1.9440500e+01
2014-05-19T00:00:07.498775,359078341.572591, 2.3498558e-08, 1.9440500e+01
2014-05-19T00:00:07.532108,359078341.605924, 2.3498558e-08, 1.9440500e+01
2014-05-19T00:00:07.565442,359078341.639258, 2.3498558e-08, 1.9440500e+01
2014-05-19T00:00:07.598775,359078341.672591, 2.3498558e-08, 1.9440500e+01
2014-05-19T00:00:07.632108,359078341.705924, 2.3498558e-08, 1.9440500e+01
2014-05-19T00:00:07.665442,359078341.739258, 2.3498558e-08, 1.9440500e+01
2014-05-19T00:00:07.698775,359078341.772591, 2.3498558e-08, 1.9440500e+01
2014-05-19T00:00:07.732108,359078341.805924, 2.3498558e-08, 1.9440500e+01
2014-05-19T00:00:07.765442,359078341.839258, 2.3498558e-08, 1.9440500e+01
2014-05-19T00:00:07.798775,359078341.872591, 2.3498558e-08, 1.9440500e+01
2014-05-19T00:00:07.832108,359078341.905924, 2.3498558e-08, 1.9440500e+01
2014-05-19T00:00:07.865442,359078341.939258, 2.3498558e-08, 1.9440500e+01
2014-05-19T00:00:07.898775,359078341.972591, 2.3498558e-08, 1.9440500e+01
2014-05-19T00:00:07.932108,359078342.005924, 2.3498558e-08, 1.9440500e+01
2014-05-19T00:00:07.965442,359078342.039258, 2.3498558e-08, 1.9440500e+01
2014-05-19T00:00:07.998775,359078342.072591, 2.3498558e-08, 1.9440500e+01
2014-05-19T00:00:08.032108,359078342.105924, 2.3498558e-08, 1.9440500e+01
2014-05-19T00:00:08.065442,359078342.139258, 2.3498558e-08, 1.9440500e+01
2014-05-19T00:00:08.098775,359078342.172591, 2.3498558e-08, 1.9440500e+01
2014-05-19T00:00:08.132108,359078342.205924, 2.3498558e-08, 1.9440500e+01
2014-05-19T00:00:08.165442,359078342.239258, 2.3498558e-08, 1.9440500e+01
2014-05-19T00:00:08.198775,359078342.272591, 2.3498558e-08, 1.9440500e+01
2014-05-19T00:00:08.232108,359078342.305924, 2.3498558e-08, 1.9440500e+01
2014-05-19T00:00:08.265442,359078342.339258, 2.3498558e-08, 1.9440500e+01
2014-05-19T00:00:08.298775,359078342.372591, 2.3498558e-08, 1.9440500e+01
2014-05-19T00:00:08.332108,359078342.405924, 2.3498558e-08, 1.9440500e+01
2014-05-19T00:00:08.365442,359078342.439258, 2.3498558e-08, 1.9440500e+01
2014-05-19T00:00:08.398775,359078342.472591, 2.3498558e-08, 1.9440500e+01
2014-05-19T00:00:08.432108,359078342.505924, 2.3498558e-08, 1.9440500e+01
2014-05-19T00:00:08.465442,359078342.539258, 2.3498558e-08, 1.9440500e+01
2014-05-19T00:00:08.498775,359078342.572591, 2.3498558e-08, 1.9440500e+01
2014-05-19T00:00:08.532109,359078342.605924, 2.3498558e-08, 1.9440500e+01
2014-05-19T00:00:08.565442,359078342.639258, 2.3498558e-08, 1.9440500e+01
2014-05-19T00:00:08.598775,359078342.672591, 2.3498558e-08, 1.9440500e+01
2014-05-19T00:00:08.632108,359078342.705924, 2.3498558e-08, 1.9440500e+01
2014-05-19T00:00:08.665442,359078342.739258, 2.3498558e-08, 1.9440500e+01
2014-05-19T00:00:08.698775,359078342.772591, 2.3498558e-08, 1.9440500e+01
2014-05-19T00:00:08.732109,359078342.805924, 2.3498558e-08, 1.9440500e+01
2014-05-19T00:00:08.765442,359078342.839258, 2.3498558e-08, 1.9440500e+01
2014-05-19T00:00:08.798775,359078342.872591, 2.3498558e-08, 1.9440500e+01
2014-05-19T00:00:08.832109,359078342.905924, 2.3498558e-08, 1.9440500e+01
2014-05-19T00:00:08.865442,359078342.939258, 2.3498558e-08, 1.9440500e+01
2014-05-19T00:00:08.898775,359078342.972591, 2.3498558e-08, 1.9440500e+01
2014-05-19T00:00:08.932109,359078343.005924, 2.3498558e-08, 1.9440500e+01
2014-05-19T00:00:08.965442,359078343.039258, 2.3498558e-08, 1.9440500e+01
2014-05-19T00:00:08.998775,359078343.072591, 2.3498558e-08, 1.9440500e+01
2014-05-19T00:00:09.032109,359078343.105924, 2.3498558e-08, 1.9440500e+01
2014-05-19T00:00:09.065442,359078343.139258, 2.3498558e-08, 1.9440500e+01
2014-05-19T00:00:09.098775,359078343.172591, 2.3498558e-08, 1.9440500e+01
2014-05-19T00:00:09.132109,359078343.205924, 2.3498558e-08, 1.9440500e+01
2014-05-19T00:00:09.165442,359078343.239258, 2.3498558e-08, 1.9440500e+01
2014-05-19T00:00:09.198776,359078343.272591, 2.3498558e-08, 1.9440500e+01
2014-05-19T00:00:09.232109,359078343.305924, 2.3498558e-08, 1.9440500e+01
2014-05-19T00:00:09.265442,359078343.339258, 2.3498558e-08, 1.9440500e+01
2014-05-19T00:00:09.298775,359078343.372591, 2.3498558e-08, 1.9440500e+01
2014-05-19T00:00:09.332109,359078343.405924, 2.3498558e-08, 1.9440500e+01
2014-05-19T00:00:09.365442,359078343.439258, 2.3498558e-08, 1.9440500e+01
2014-05-19T00:00:09.398776,359078343.472591, 2.3498558e-08, 1.9440500e+01
2014-05-19T00:00:09.432109,359078343.505924, 2.3498558e-08, 1.9440500e+01
2014-05-19T00:00:09.465442,359078343.539258, 2.3498558e-08, 1.9440500e+01
2014-05-19T00:00:09.498775,359078343.572591, 2.3498558e-08, 1.9440500e+01
2014-05-19T00:00:09.532109,359078343.605924, 2.3498558e-08, 1.9440500e+01
2014-05-19T00:00:09.565442,359078343.639258, 2.3498558e-08, 1.9440500e+01
2014-05-19T00:00:09.598776,359078343.672591, 2.3498558e-08, 1.9440500e+01
2014-05-19T00:00:09.632109,359078343.705924, 2.3498558e-08, 1.9440500e+01
2014-05-19T00:00:09.665442,359078343.739258, 2.3498558e-08, 1.9440500e+01
2014-05-19T00:00:09.698776,359078343.772591, 2.3498558e-08, 1.9440500e+01
2014-05-19T00:00:09.732109,359078343.805924, 2.3498558e-08, 1.9440500e+01
2014-05-19T00:00:09.765442,359078343.839258, 2.3498558e-08, 1.9440500e+01
2014-05-19T00:00:09.798776,359078343.872591, 2.3498558e-08, 1.9440500e+01
2014-05-19T00:00:09.832109,359078343.905924, 2.3498558e-08, 1.9440500e+01
2014-05-19T00:00:09.865442,359078343.939258, 2.3498558e-08, 1.9440500e+01
2014-05-19T00:00:09.898776,359078343.972591, 2.3498558e-08, 1.9440500e+01
2014-05-19T00:00:09.932109,359078344.005924, 2.3498558e-08, 1.9440500e+01
2014-05-19T00:00:09.965442,359078344.039258, 2.3498558e-08, 1.9440500e+01
2014-05-19T00:00:09.998776,359078344.072591, 2.3498558e-08, 1.9440500e+01
2014-05-19T00:00:10.032109,359078344.105924, 2.3498558e-08, 1.9440500e+01
2014-05-19T00:00:10.065442,359078344.139258, 2.3498558e-08, 1.9440500e+01
2014-05-19T00:00:10.098776,359078344.172591, 2.3498558e-08, 1.9440500e+01
2014-05-19T00:00:10.132109,359078344.205924, 2.3498558e-08, 1.9440500e+01
2014-05-19T00:00:10.165442,359078344.239258, 2.3498558e-08, 1.9440500e+01
2014-05-19T00:00:10.198776,359078344.272591, 2.3498558e-08, 1.9440500e+01
2014-05-19T00:00:10.232109,359078344.305924, 2.3498558e-08, 1.9440500e+01
2014-05-19T00:00:10.265443,359078344.339258, 2.3498558e-08, 1.9440500e+01
2014-05-19T00:00:10.298776,359078344.372591, 2.3498558e-08, 1.9440500e+01
2014-05-19T00:00:10.332109,359078344.405924, 2.3498558e-08, 1.9440500e+01
2014-05-19T00:00:10.365443,359078344.439258, 2.3498558e-08, 1.9440500e+01
2014-05-19T00:00:10.398776,359078344.472591, 2.3498558e-08, 1.9440500e+01
2014-05-19T00:00:10.432109,359078344.505924, 2.3498558e-08, 1.9440500e+01
2014-05-19T00:00:10.465443,359078344.539258, 2.3498558e-08, 1.9440500e+01
2014-05-19T00:00:10.498776,359078344.572591, 2.3498558e-08, 1.9440500e+01
2014-05-19T00:00:10.532109,359078344.605924, 2.3498558e-08, 1.9440500e+01
2014-05-19T00:00:10.565443,359078344.639258, 2.3498558e-08, 1.9440500e+01
2014-05-19T00:00:10.598776,359078344.672591, 2.3498558e-08, 1.9440500e+01
2014-05-19T00:00:10.632109,359078344.705924, 2.3498558e-08, 1.9440500e+01
2014-05-19T00:00:10.665443,359078344.739258, 2.3498558e-08, 1.9440500e+01
2014-05-19T00:00:10.698776,359078344.772591, 2.3498558e-08, 1.9440500e+01
2014-05-19T00:00:10.732109,359078344.805924, 2.3498558e-08, 1.9440500e+01
2014-05-19T00:00:10.765443,359078344.839258, 2.3803734e-08, 1.9440500e+01
2014-05-19T00:00:10.798776,359078344.872591, 2.3803734e-08, 1.9440500e+01
2014-05-19T00:00:10.832109,359078344.905924, 2.3803734e-08, 1.9440500e+01
2014-05-19T00:00:10.865443,359078344.939258, 2.3498558e-08, 1.9440500e+01
2014-05-19T00:00:10.898776,359078344.972591, 2.3498558e-08, 1.9440500e+01
2014-05-19T00:00:10.932109,359078345.005924, 2.3498558e-08, 1.9440500e+01
2014-05-19T00:00:10.965443,359078345.039258, 2.3498558e-08, 1.9440500e+01
2014-05-19T00:00:10.998776,359078345.072591, 2.3498558e-08, 1.9440500e+01
2014-05-19T00:00:11.032109,359078345.105924, 2.3498558e-08, 1.9440500e+01
2014-05-19T00:00:11.065443,359078345.139258, 2.3498558e-08, 1.9440500e+01
2014-05-19T00:00:11.098776,359078345.172591, 2.3498558e-08, 1.9440500e+01
2014-05-19T00:00:11.132109,359078345.205924, 2.3498558e-08, 1.9440500e+01
2014-05-19T00:00:11.165443,359078345.239258, 2.3498558e-08, 1.9440500e+01
2014-05-19T00:00:11.198776,359078345.272591, 2.3498558e-08, 1.9440500e+01
2014-05-19T00:00:11.232110,359078345.305924, 2.3498558e-08, 1.9440500e+01
2014-05-19T00:00:11.265443,359078345.339258, 2.3498558e-08, 1.9440500e+01
2014-05-19T00:00:11.298776,359078345.372591, 2.3498558e-08, 1.9440500e+01
2014-05-19T00:00:11.332109,359078345.405924, 2.3498558e-08, 1.9440500e+01
2014-05-19T00:00:11.365443,359078345.439258, 2.3498558e-08, 1.9440500e+01
2014-05-19T00:00:11.398776,359078345.472591, 2.3498558e-08, 1.9440500e+01
2014-05-19T00:00:11.432110,359078345.505924, 2.3498558e-08, 1.9440500e+01
2014-05-19T00:00:11.465443,359078345.539258, 2.3498558e-08, 1.9440500e+01
2014-05-19T00:00:11.498776,359078345.572591, 2.3498558e-08, 1.9440500e+01
2014-05-19T00:00:11.532109,359078345.605924, 2.3498558e-08, 1.9440500e+01
2014-05-19T00:00:11.565443,359078345.639258, 2.3498558e-08, 1.9440500e+01
2014-05-19T00:00:11.598776,359078345.672591, 2.3498558e-08, 1.9440500e+01
2014-05-19T00:00:11.632110,359078345.705924, 2.3498558e-08, 1.9440500e+01
2014-05-19T00:00:11.665443,359078345.739258, 2.3498558e-08, 1.9440500e+01
2014-05-19T00:00:11.698776,359078345.772591, 2.3498558e-08, 1.9440500e+01
2014-05-19T00:00:11.732110,359078345.805924, 2.3498558e-08, 1.9440500e+01
2014-05-19T00:00:11.765443,359078345.839258, 2.3498558e-08, 1.9440500e+01
2014-05-19T00:00:11.798776,359078345.872591, 2.3498558e-08, 1.9440500e+01
2014-05-19T00:00:11.832110,359078345.905924, 2.3498558e-08, 1.9440500e+01
2014-05-19T00:00:11.865443,359078345.939258, 2.3498558e-08, 1.9440500e+01
2014-05-19T00:00:11.898776,359078345.972591, 2.3498558e-08, 1.9440500e+01
2014-05-19T00:00:11.932110,359078346.005924, 2.3498558e-08, 1.9440500e+01
2014-05-19T00:00:11.965443,359078346.039258, 2.3498558e-08, 1.9440500e+01
2014-05-19T00:00:11.998776,359078346.072591, 2.3498558e-08, 1.9440500e+01
2014-05-19T00:00:12.032110,359078346.105924, 2.3498558e-08, 1.9440500e+01
2014-05-19T00:00:12.065443,359078346.139258, 2.3498558e-08, 1.9440500e+01
2014-05-19T00:00:12.098777,359078346.172591, 2.3498558e-08, 1.9440500e+01
2014-05-19T00:00:12.132110,359078346.205924, 2.3498558e-08, 1.9440500e+01
2014-05-19T00:00:12.165443,359078346.239258, 2.3498558e-08, 1.9440500e+01
2014-05-19T00:00:12.198776,359078346.272591, 2.3498558e-08, 1.9440500e+01
2014-05-19T00:00:12.232110,359078346.305924, 2.3498558e-08, 1.9440500e+01
2014-05-19T00:00:12.265443,359078346.339258, 2.3498558e-08, 1.9440500e+01
2014-05-19T00:00:12.298777,359078346.372591, 2.3498558e-08, 1.9440500e+01
2014-05-19T00:00:12.332110,359078346.405924, 2.3498558e-08, 1.9440500e+01
2014-05-19T00:00:12.365443,359078346.439258, 2.3498558e-08, 1.9440500e+01
2014-05-19T00:00:12.398777,359078346.472591, 2.3498558e-08, 1.9440500e+01
2014-05-19T00:00:12.432110,359078346.505924, 2.3498558e-08, 1.9440500e+01
2014-05-19T00:00:12.465443,359078346.539258, 2.3498558e-08, 1.9440500e+01
2014-05-19T00:00:12.498777,359078346.572591, 2.3498558e-08, 1.9440500e+01
2014-05-19T00:00:12.532110,359078346.605924, 2.3498558e-08, 1.9440500e+01
2014-05-19T00:00:12.565443,359078346.639258, 2.3498558e-08, 1.9440500e+01
2014-05-19T00:00:12.598777,359078346.672591, 2.3498558e-08, 1.9440500e+01
2014-05-19T00:00:12.632110,359078346.705924, 2.3498558e-08, 1.9440500e+01
2014-05-19T00:00:12.665443,359078346.739258, 2.3498558e-08, 1.9440500e+01
2014-05-19T00:00:12.698777,359078346.772591, 2.3498558e-08, 1.9440500e+01
2014-05-19T00:00:12.732110,359078346.805924, 2.3498558e-08, 1.9440500e+01
2014-05-19T00:00:12.765443,359078346.839258, 2.3803734e-08, 1.9440500e+01
2014-05-19T00:00:12.798777,359078346.872591, 2.3803734e-08, 1.9440500e+01
2014-05-19T00:00:12.832110,359078346.905924, 2.3803734e-08, 1.9440500e+01
2014-05-19T00:00:12.865443,359078346.939258, 2.3498558e-08, 1.9440500e+01
2014-05-19T00:00:12.898777,359078346.972591, 2.3498558e-08, 1.9440500e+01
2014-05-19T00:00:12.932110,359078347.005924, 2.3498558e-08, 1.9440500e+01
2014-05-19T00:00:12.965443,359078347.039258, 2.3498558e-08, 1.9440500e+01
2014-05-19T00:00:12.998777,359078347.072591, 2.3498558e-08, 1.9440500e+01
2014-05-19T00:00:13.032110,359078347.105924, 2.3498558e-08, 1.9440500e+01
2014-05-19T00:00:13.065444,359078347.139258, 2.3498558e-08, 1.9440500e+01
2014-05-19T00:00:13.098777,359078347.172591, 2.3498558e-08, 1.9440500e+01
2014-05-19T00:00:13.132110,359078347.205924, 2.3498558e-08, 1.9440500e+01
2014-05-19T00:00:13.165443,359078347.239258, 2.3498558e-08, 1.9440500e+01
2014-05-19T00:00:13.198777,359078347.272591, 2.3498558e-08, 1.9440500e+01
2014-05-19T00:00:13.232110,359078347.305924, 2.3498558e-08, 1.9440500e+01
2014-05-19T00:00:13.265444,359078347.339258, 2.3498558e-08, 1.9440500e+01
2014-05-19T00:00:13.298777,359078347.372591, 2.3498558e-08, 1.9440500e+01
2014-05-19T00:00:13.332110,359078347.405924, 2.3498558e-08, 1.9440500e+01
2014-05-19T00:00:13.365443,359078347.439258, 2.3498558e-08, 1.9440500e+01
2014-05-19T00:00:13.398777,359078347.472591, 2.3498558e-08, 1.9440500e+01
2014-05-19T00:00:13.432110,359078347.505924, 2.3498558e-08, 1.9440500e+01
2014-05-19T00:00:13.465444,359078347.539258, 2.3498558e-08, 1.9440500e+01
2014-05-19T00:00:13.498777,359078347.572591, 2.3498558e-08, 1.9440500e+01
2014-05-19T00:00:13.532110,359078347.605924, 2.3498558e-08, 1.9440500e+01
2014-05-19T00:00:13.565444,359078347.639258, 2.3498558e-08, 1.9440500e+01
2014-05-19T00:00:13.598777,359078347.672591, 2.3498558e-08, 1.9440500e+01
2014-05-19T00:00:13.632110,359078347.705924, 2.3498558e-08, 1.9440500e+01
2014-05-19T00:00:13.665444,359078347.739258, 2.3498558e-08, 1.9440500e+01
2014-05-19T00:00:13.698777,359078347.772591, 2.3498558e-08, 1.9440500e+01
2014-05-19T00:00:13.732110,359078347.805924, 2.3498558e-08, 1.9440500e+01
2014-05-19T00:00:13.765444,359078347.839258, 2.3803734e-08, 1.9440500e+01
2014-05-19T00:00:13.798777,359078347.872591, 2.3803734e-08, 1.9440500e+01
2014-05-19T00:00:13.832110,359078347.905924, 2.3498558e-08, 1.9440500e+01
2014-05-19T00:00:13.865444,359078347.939258, 2.3498558e-08, 1.9440500e+01
2014-05-19T00:00:13.898777,359078347.972591, 2.3498558e-08, 1.9440500e+01
2014-05-19T00:00:13.932110,359078348.005924, 2.3498558e-08, 1.9440500e+01
2014-05-19T00:00:13.965444,359078348.039258, 2.3803734e-08, 1.9440500e+01
2014-05-19T00:00:13.998777,359078348.072591, 2.3803734e-08, 1.9440500e+01
2014-05-19T00:00:14.032110,359078348.105924, 2.3498558e-08, 1.9440500e+01
2014-05-19T00:00:14.065444,359078348.139258, 2.3498558e-08, 1.9440500e+01
2014-05-19T00:00:14.098777,359078348.172591, 2.3498558e-08, 1.9440500e+01
2014-05-19T00:00:14.132110,359078348.205924, 2.3498558e-08, 1.9440500e+01
2014-05-19T00:00:14.165444,359078348.239258, 2.3498558e-08, 1.9440500e+01
2014-05-19T00:00:14.198777,359078348.272591, 2.3498558e-08, 1.9440500e+01
2014-05-19T00:00:14.232111,359078348.305924, 2.3498558e-08, 1.9440500e+01
2014-05-19T00:00:14.265444,359078348.339258, 2.3498558e-08, 1.9440500e+01
2014-05-19T00:00:14.298777,359078348.372591, 2.3498558e-08, 1.9440500e+01
2014-05-19T00:00:14.332111,359078348.405924, 2.3498558e-08, 1.9440500e+01
2014-05-19T00:00:14.365444,359078348.439258, 2.3498558e-08, 1.9440500e+01
2014-05-19T00:00:14.398777,359078348.472591, 2.3498558e-08, 1.9440500e+01
2014-05-19T00:00:14.432111,359078348.505924, 2.3498558e-08, 1.9440500e+01
2014-05-19T00:00:14.465444,359078348.539258, 2.3498558e-08, 1.9440500e+01
2014-05-19T00:00:14.498777,359078348.572591, 2.3498558e-08, 1.9440500e+01
2014-05-19T00:00:14.532111,359078348.605924, 2.3498558e-08, 1.9440500e+01
2014-05-19T00:00:14.565444,359078348.639258, 2.3498558e-08, 1.9440500e+01
2014-05-19T00:00:14.598777,359078348.672591, 2.3498558e-08, 1.9440500e+01
2014-05-19T00:00:14.632111,359078348.705924, 2.3498558e-08, 1.9440500e+01
2014-05-19T00:00:14.665444,359078348.739258, 2.3498558e-08, 1.9440500e+01
2014-05-19T00:00:14.698777,359078348.772591, 2.3498558e-08, 1.9440500e+01
2014-05-19T00:00:14.732111,359078348.805924, 2.3498558e-08, 1.9440500e+01
2014-05-19T00:00:14.765444,359078348.839258, 2.3498558e-08, 1.9440500e+01
2014-05-19T00:00:14.798777,359078348.872591, 2.3498558e-08, 1.9440500e+01
2014-05-19T00:00:14.832111,359078348.905924, 2.3498558e-08, 1.9440500e+01
2014-05-19T00:00:14.865444,359078348.939258, 2.3498558e-08, 1.9440500e+01
2014-05-19T00:00:14.898777,359078348.972591, 2.3498558e-08, 1.9440500e+01
2014-05-19T00:00:14.932111,359078349.005924, 2.3498558e-08, 1.9440500e+01
2014-05-19T00:00:14.965444,359078349.039258, 2.3498558e-08, 1.9440500e+01
2014-05-19T00:00:14.998777,359078349.072591, 2.3498558e-08, 1.9440500e+01
2014-05-19T00:00:15.032111,359078349.105924, 2.3498558e-08, 1.9440500e+01
2014-05-19T00:00:15.065444,359078349.139258, 2.3498558e-08, 1.9440500e+01
2014-05-19T00:00:15.098778,359078349.172591, 2.3498558e-08, 1.9440500e+01
2014-05-19T00:00:15.132111,359078349.205924, 2.3498558e-08, 1.9440500e+01
2014-05-19T00:00:15.165444,359078349.239258, 2.3498558e-08, 1.9440500e+01
2014-05-19T00:00:15.198778,359078349.272591, 2.3498558e-08, 1.9440500e+01
2014-05-19T00:00:15.232111,359078349.305924, 2.3498558e-08, 1.9440500e+01
2014-05-19T00:00:15.265444,359078349.339258, 2.3498558e-08, 1.9440500e+01
2014-05-19T00:00:15.298778,359078349.372591, 2.3498558e-08, 1.9440500e+01
2014-05-19T00:00:15.332111,359078349.405924, 2.3498558e-08, 1.9440500e+01
2014-05-19T00:00:15.365444,359078349.439258, 2.3498558e-08, 1.9440500e+01
2014-05-19T00:00:15.398778,359078349.472591, 2.3498558e-08, 1.9440500e+01
2014-05-19T00:00:15.432111,359078349.505924, 2.3498558e-08, 1.9440500e+01
2014-05-19T00:00:15.465444,359078349.539258, 2.3498558e-08, 1.9440500e+01
2014-05-19T00:00:15.498778,359078349.572591, 2.3498558e-08, 1.9440500e+01
2014-05-19T00:00:15.532111,359078349.605924, 2.3498558e-08, 1.9440500e+01
2014-05-19T00:00:15.565444,359078349.639258, 2.3498558e-08, 1.9440500e+01
2014-05-19T00:00:15.598778,359078349.672591, 2.3498558e-08, 1.9440500e+01
2014-05-19T00:00:15.632111,359078349.705924, 2.3498558e-08, 1.9440500e+01
2014-05-19T00:00:15.665444,359078349.739258, 2.3498558e-08, 1.9440500e+01
2014-05-19T00:00:15.698778,359078349.772591, 2.3498558e-08, 1.9440500e+01
2014-05-19T00:00:15.732111,359078349.805924, 2.3498558e-08, 1.9440500e+01
2014-05-19T00:00:15.765445,359078349.839258, 2.3498558e-08, 1.9440500e+01
2014-05-19T00:00:15.798778,359078349.872591, 2.3498558e-08, 1.9440500e+01
2014-05-19T00:00:15.832111,359078349.905924, 2.3498558e-08, 1.9440500e+01
2014-05-19T00:00:15.865444,359078349.939258, 2.3498558e-08, 1.9440500e+01
2014-05-19T00:00:15.898778,359078349.972591, 2.3498558e-08, 1.9440500e+01
2014-05-19T00:00:15.932111,359078350.005924, 2.3498558e-08, 1.9440500e+01
2014-05-19T00:00:15.965445,359078350.039258, 2.3803734e-08, 1.9440500e+01
2014-05-19T00:00:15.998778,359078350.072591, 2.3803734e-08, 1.9440500e+01
2014-05-19T00:00:16.032111,359078350.105924, 2.3803734e-08, 1.9440500e+01
2014-05-19T00:00:16.065444,359078350.139258, 2.3498558e-08, 1.9440500e+01
2014-05-19T00:00:16.098778,359078350.172591, 2.3498558e-08, 1.9440500e+01
2014-05-19T00:00:16.132111,359078350.205924, 2.3498558e-08, 1.9440500e+01
2014-05-19T00:00:16.165445,359078350.239258, 2.3498558e-08, 1.9440500e+01
2014-05-19T00:00:16.198778,359078350.272591, 2.3498558e-08, 1.9440500e+01
2014-05-19T00:00:16.232111,359078350.305924, 2.3498558e-08, 1.9440500e+01
2014-05-19T00:00:16.265445,359078350.339258, 2.3498558e-08, 1.9440500e+01
2014-05-19T00:00:16.298778,359078350.372591, 2.3498558e-08, 1.9440500e+01
2014-05-19T00:00:16.332111,359078350.405924, 2.3498558e-08, 1.9440500e+01
2014-05-19T00:00:16.365445,359078350.439258, 2.3498558e-08, 1.9440500e+01
2014-05-19T00:00:16.398778,359078350.472591, 2.3498558e-08, 1.9440500e+01
2014-05-19T00:00:16.432111,359078350.505924, 2.3498558e-08, 1.9440500e+01
2014-05-19T00:00:16.465445,359078350.539258, 2.3498558e-08, 1.9440500e+01
2014-05-19T00:00:16.498778,359078350.572591, 2.3498558e-08, 1.9440500e+01
2014-05-19T00:00:16.532111,359078350.605924, 2.3498558e-08, 1.9440500e+01
2014-05-19T00:00:16.565445,359078350.639258, 2.3498558e-08, 1.9440500e+01
2014-05-19T00:00:16.598778,359078350.672591, 2.3498558e-08, 1.9440500e+01
2014-05-19T00:00:16.632111,359078350.705924, 2.3498558e-08, 1.9440500e+01
2014-05-19T00:00:16.665445,359078350.739258, 2.3498558e-08, 1.9440500e+01
2014-05-19T00:00:16.698778,359078350.772591, 2.3498558e-08, 1.9440500e+01
2014-05-19T00:00:16.732111,359078350.805924, 2.3498558e-08, 1.9440500e+01
2014-05-19T00:00:16.765445,359078350.839258, 2.3498558e-08, 1.9440500e+01
2014-05-19T00:00:16.798778,359078350.872591, 2.3498558e-08, 1.9440500e+01
2014-05-19T00:00:16.832111,359078350.905924, 2.3498558e-08, 1.9440500e+01
2014-05-19T00:00:16.865445,359078350.939258, 2.3498558e-08, 1.9440500e+01
2014-05-19T00:00:16.898778,359078350.972591, 2.3498558e-08, 1.9440500e+01
2014-05-19T00:00:16.932112,359078351.005924, 2.3498558e-08, 1.9440500e+01
2014-05-19T00:00:16.965445,359078351.039258, 2.3498558e-08, 1.9440500e+01
2014-05-19T00:00:16.998778,359078351.072591, 2.3498558e-08, 1.9440500e+01
2014-05-19T00:00:17.032111,359078351.105924, 2.3498558e-08, 1.9440500e+01
2014-05-19T00:00:17.065445,359078351.139258, 2.3498558e-08, 1.9440500e+01
2014-05-19T00:00:17.098778,359078351.172591, 2.3498558e-08, 1.9440500e+01
2014-05-19T00:00:17.132112,359078351.205924, 2.3498558e-08, 1.9440500e+01
2014-05-19T00:00:17.165445,359078351.239258, 2.3498558e-08, 1.9440500e+01
2014-05-19T00:00:17.198778,359078351.272591, 2.3498558e-08, 1.9440500e+01
2014-05-19T00:00:17.232112,359078351.305924, 2.3498558e-08, 1.9440500e+01
2014-05-19T00:00:17.265445,359078351.339258, 2.3498558e-08, 1.9440500e+01
2014-05-19T00:00:17.298778,359078351.372591, 2.3498558e-08, 1.9440500e+01
2014-05-19T00:00:17.332112,359078351.405924, 2.3498558e-08, 1.9440500e+01
2014-05-19T00:00:17.365445,359078351.439258, 2.3498558e-08, 1.9440500e+01
2014-05-19T00:00:17.398778,359078351.472591, 2.3498558e-08, 1.9440500e+01
2014-05-19T00:00:17.432112,359078351.505924, 2.3498558e-08, 1.9440500e+01
2014-05-19T00:00:17.465445,359078351.539258, 2.3498558e-08, 1.9440500e+01
2014-05-19T00:00:17.498778,359078351.572591, 2.3498558e-08, 1.9440500e+01
2014-05-19T00:00:17.532112,359078351.605924, 2.3498558e-08, 1.9440500e+01
2014-05-19T00:00:17.565445,359078351.639258, 2.3498558e-08, 1.9440500e+01
2014-05-19T00:00:17.598778,359078351.672591, 2.3498558e-08, 1.9440500e+01
2014-05-19T00:00:17.632112,359078351.705924, 2.3498558e-08, 1.9440500e+01
2014-05-19T00:00:17.665445,359078351.739258, 2.3498558e-08, 1.9440500e+01
2014-05-19T00:00:17.698778,359078351.772591, 2.3498558e-08, 1.9440500e+01
2014-05-19T00:00:17.732112,359078351.805924, 2.3498558e-08, 1.9440500e+01
2014-05-19T00:00:17.765445,359078351.839258, 2.3498558e-08, 1.9440500e+01
2014-05-19T00:00:17.798779,359078351.872591, 2.3498558e-08, 1.9440500e+01
2014-05-19T00:00:17.832112,359078351.905924, 2.3498558e-08, 1.9440500e+01
2014-05-19T00:00:17.865445,359078351.939258, 2.3803734e-08, 1.9440500e+01
2014-05-19T00:00:17.898778,359078351.972591, 2.3803734e-08, 1.9440500e+01
2014-05-19T00:00:17.932112,359078352.005924, 2.3803734e-08, 1.9440500e+01
2014-05-19T00:00:17.965445,359078352.039258, 2.3498558e-08, 1.9440500e+01
2014-05-19T00:00:17.998779,359078352.072591, 2.3498558e-08, 1.9440500e+01
2014-05-19T00:00:18.032112,359078352.105924, 2.3498558e-08, 1.9440500e+01
2014-05-19T00:00:18.065445,359078352.139258, 2.3498558e-08, 1.9440500e+01
2014-05-19T00:00:18.098778,359078352.172591, 2.3498558e-08, 1.9440500e+01
2014-05-19T00:00:18.132112,359078352.205924, 2.3498558e-08, 1.9440500e+01
2014-05-19T00:00:18.165445,359078352.239258, 2.3498558e-08, 1.9440500e+01
2014-05-19T00:00:18.198779,359078352.272591, 2.3498558e-08, 1.9440500e+01
2014-05-19T00:00:18.232112,359078352.305924, 2.3498558e-08, 1.9440500e+01
2014-05-19T00:00:18.265445,359078352.339258, 2.3498558e-08, 1.9440500e+01
2014-05-19T00:00:18.298779,359078352.372591, 2.3498558e-08, 1.9440500e+01
2014-05-19T00:00:18.332112,359078352.405924, 2.3498558e-08, 1.9440500e+01
2014-05-19T00:00:18.365445,359078352.439258, 2.3498558e-08, 1.9440500e+01
2014-05-19T00:00:18.398779,359078352.472591, 2.3498558e-08, 1.9440500e+01
2014-05-19T00:00:18.432112,359078352.505924, 2.3498558e-08, 1.9440500e+01
2014-05-19T00:00:18.465445,359078352.539258, 2.3498558e-08, 1.9440500e+01
2014-05-19T00:00:18.498779,359078352.572591, 2.3498558e-08, 1.9440500e+01
2014-05-19T00:00:18.532112,359078352.605924, 2.3498558e-08, 1.9440500e+01
2014-05-19T00:00:18.565445,359078352.639258, 2.3498558e-08, 1.9440500e+01
2014-05-19T00:00:18.598779,359078352.672591, 2.3498558e-08, 1.9440500e+01
2014-05-19T00:00:18.632112,359078352.705924, 2.3498558e-08, 1.9440500e+01
2014-05-19T00:00:18.665445,359078352.739258, 2.3498558e-08, 1.9440500e+01
2014-05-19T00:00:18.698779,359078352.772591, 2.3498558e-08, 1.9440500e+01
2014-05-19T00:00:18.732112,359078352.805924, 2.3498558e-08, 1.9440500e+01
2014-05-19T00:00:18.765445,359078352.839258, 2.3498558e-08, 1.9440500e+01
2014-05-19T00:00:18.798779,359078352.872591, 2.3498558e-08, 1.9440500e+01
2014-05-19T00:00:18.832112,359078352.905924, 2.3498558e-08, 1.9440500e+01
2014-05-19T00:00:18.865445,359078352.939258, 2.3498558e-08, 1.9440500e+01
2014-05-19T00:00:18.898779,359078352.972591, 2.3498558e-08, 1.9440500e+01
