2014-05-13T00:00:00.000837,358559934.255924, 1.0620000e-09, 3.3045686e+01
2014-05-13T00:00:00.017504,358559934.272591, 1.0620000e-09, 3.3044465e+01
2014-05-13T00:00:00.034171,358559934.289258, 1.0620000e-09, 3.3044465e+01
2014-05-13T00:00:00.050838,358559934.305924, 1.0620000e-09, 3.3043244e+01
2014-05-13T00:00:00.067504,358559934.322591, 1.0620000e-09, 3.3043244e+01
2014-05-13T00:00:00.084171,358559934.339258, 1.0620000e-09, 3.3042024e+01
2014-05-13T00:00:00.100837,358559934.355924, 1.0620000e-09, 3.3039582e+01
2014-05-13T00:00:00.117504,358559934.372591, 1.0620000e-09, 3.3040803e+01
2014-05-13T00:00:00.134171,358559934.389258, 1.0620000e-09, 3.3039582e+01
2014-05-13T00:00:00.150837,358559934.405924, 1.0620000e-09, 3.3039582e+01
2014-05-13T00:00:00.167504,358559934.422591, 1.0620000e-09, 3.3039582e+01
2014-05-13T00:00:00.184171,358559934.439258, 1.0620000e-09, 3.3039582e+01
2014-05-13T00:00:00.200837,358559934.455924, 1.0620000e-09, 3.3038362e+01
2014-05-13T00:00:00.217504,358559934.472591, 1.0620000e-09, 3.3038362e+01
2014-05-13T00:00:00.234171,358559934.489258, 1.0620000e-09, 3.3038362e+01
2014-05-13T00:00:00.250838,358559934.505924, 1.0620000e-09, 3.3037141e+01
2014-05-13T00:00:00.267504,358559934.522591, 1.0620000e-09, 3.3037141e+01
2014-05-13T00:00:00.284171,358559934.539258, 1.0620000e-09, 3.3037141e+01
2014-05-13T00:00:00.300838,358559934.555924, 1.0620000e-09, 3.3035920e+01
2014-05-13T00:00:00.317504,358559934.572591, 1.0620000e-09, 3.3035920e+01
2014-05-13T00:00:00.334171,358559934.589258, 1.0620000e-09, 3.3035920e+01
2014-05-13T00:00:00.350837,358559934.605924, 1.0620000e-09, 3.3034699e+01
2014-05-13T00:00:00.367504,358559934.622591, 1.0620000e-09, 3.3033479e+01
2014-05-13T00:00:00.384171,358559934.639258, 1.0620000e-09, 3.3032258e+01
2014-05-13T00:00:00.400838,358559934.655924, 1.0620000e-09, 3.3033479e+01
2014-05-13T00:00:00.417504,358559934.672591, 1.0620000e-09, 3.3034699e+01
2014-05-13T00:00:00.434171,358559934.689258, 1.0620000e-09, 3.3035920e+01
2014-05-13T00:00:00.450838,358559934.705924, 1.0620000e-09, 3.3035920e+01
2014-05-13T00:00:00.467504,358559934.722591, 1.0620000e-09, 3.3035920e+01
2014-05-13T00:00:00.484171,358559934.739258, 1.0620000e-09, 3.3037141e+01
2014-05-13T00:00:00.500838,358559934.755924, 1.0620000e-09, 3.3038362e+01
2014-05-13T00:00:00.517504,358559934.772591, 1.0620000e-09, 3.3040803e+01
2014-05-13T00:00:00.534171,358559934.789258, 1.0620000e-09, 3.3040803e+01
2014-05-13T00:00:00.550838,358559934.805924, 1.0620000e-09, 3.3040803e+01
2014-05-13T00:00:00.567504,358559934.822591, 1.0620000e-09, 3.3040803e+01
2014-05-13T00:00:00.584171,358559934.839258, 1.0620000e-09, 3.3040803e+01
2014-05-13T00:00:00.600838,358559934.855924, 1.0620000e-09, 3.3040803e+01
2014-05-13T00:00:00.617504,358559934.872591, 1.0620000e-09, 3.3043244e+01
2014-05-13T00:00:00.634171,358559934.889258, 1.0620000e-09, 3.3044465e+01
2014-05-13T00:00:00.650838,358559934.905924, 1.0620000e-09, 3.3044465e+01
2014-05-13T00:00:00.667504,358559934.922591, 1.0620000e-09, 3.3044465e+01
2014-05-13T00:00:00.684171,358559934.939258, 1.0620000e-09, 3.3044465e+01
2014-05-13T00:00:00.700838,358559934.955924, 1.0620000e-09, 3.3044465e+01
2014-05-13T00:00:00.717504,358559934.972591, 1.0620000e-09, 3.3044465e+01
2014-05-13T00:00:00.734171,358559934.989258, 1.0620000e-09, 3.3045686e+01
2014-05-13T00:00:00.750838,358559935.005924, 1.0620000e-09, 3.3045686e+01
2014-05-13T00:00:00.767504,358559935.022591, 1.0620000e-09, 3.3046907e+01
2014-05-13T00:00:00.784171,358559935.039258, 1.0620000e-09, 3.3048127e+01
2014-05-13T00:00:00.800838,358559935.055924, 1.0620000e-09, 3.3048127e+01
2014-05-13T00:00:00.817504,358559935.072591, 1.0620000e-09, 3.3046907e+01
2014-05-13T00:00:00.834171,358559935.089258, 1.0620000e-09, 3.3048127e+01
2014-05-13T00:00:00.850838,358559935.105924, 1.0620000e-09, 3.3046907e+01
2014-05-13T00:00:00.867504,358559935.122591, 1.0620000e-09, 3.3048127e+01
2014-05-13T00:00:00.884171,358559935.139258, 1.0620000e-09, 3.3050569e+01
2014-05-13T00:00:00.900838,358559935.155924, 1.0620000e-09, 3.3050569e+01
2014-05-13T00:00:00.917504,358559935.172591, 1.0620000e-09, 3.3051789e+01
2014-05-13T00:00:00.934171,358559935.189258, 1.0620000e-09, 3.3051789e+01
2014-05-13T00:00:00.950838,358559935.205924, 1.0620000e-09, 3.3050569e+01
2014-05-13T00:00:00.967505,358559935.222591, 1.0620000e-09, 3.3053010e+01
2014-05-13T00:00:00.984171,358559935.239258, 1.0620000e-09, 3.3054231e+01
2014-05-13T00:00:01.000838,358559935.255924, 1.0620000e-09, 3.3055451e+01
2014-05-13T00:00:01.017504,358559935.272591, 1.0620000e-09, 3.3055451e+01
2014-05-13T00:00:01.034171,358559935.289258, 1.0620000e-09, 3.3056672e+01
2014-05-13T00:00:01.050838,358559935.305924, 1.0620000e-09, 3.3056672e+01
2014-05-13T00:00:01.067504,358559935.322591, 1.0620000e-09, 3.3056672e+01
2014-05-13T00:00:01.084171,358559935.339258, 1.0620000e-09, 3.3057893e+01
2014-05-13T00:00:01.100838,358559935.355924, 1.0620000e-09, 3.3060334e+01
2014-05-13T00:00:01.117504,358559935.372591, 1.0620000e-09, 3.3061555e+01
2014-05-13T00:00:01.134171,358559935.389258, 1.0620000e-09, 3.3061555e+01
2014-05-13T00:00:01.150838,358559935.405924, 1.0620000e-09, 3.3062776e+01
2014-05-13T00:00:01.167505,358559935.422591, 1.0620000e-09, 3.3063996e+01
2014-05-13T00:00:01.184171,358559935.439258, 1.0620000e-09, 3.3063996e+01
2014-05-13T00:00:01.200838,358559935.455924, 1.0620000e-09, 3.3065217e+01
2014-05-13T00:00:01.217505,358559935.472591, 1.0620000e-09, 3.3066438e+01
2014-05-13T00:00:01.234171,358559935.489258, 1.0620000e-09, 3.3066438e+01
2014-05-13T00:00:01.250838,358559935.505924, 1.0620000e-09, 3.3066438e+01
2014-05-13T00:00:01.267504,358559935.522591, 1.0620000e-09, 3.3066438e+01
2014-05-13T00:00:01.284171,358559935.539258, 1.0620000e-09, 3.3066438e+01
2014-05-13T00:00:01.300838,358559935.555924, 1.0620000e-09, 3.3066438e+01
2014-05-13T00:00:01.317505,358559935.572591, 1.0620000e-09, 3.3066438e+01
2014-05-13T00:00:01.334171,358559935.589258, 1.0620000e-09, 3.3066438e+01
2014-05-13T00:00:01.350838,358559935.605924, 1.0620000e-09, 3.3065217e+01
2014-05-13T00:00:01.367505,358559935.622591, 1.0620000e-09, 3.3067659e+01
2014-05-13T00:00:01.384171,358559935.639258, 1.0620000e-09, 3.3068879e+01
2014-05-13T00:00:01.400838,358559935.655924, 1.0620000e-09, 3.3068879e+01
2014-05-13T00:00:01.417505,358559935.672591, 1.0620000e-09, 3.3070100e+01
2014-05-13T00:00:01.434171,358559935.689258, 1.0620000e-09, 3.3070100e+01
2014-05-13T00:00:01.450838,358559935.705924, 1.0620000e-09, 3.3072541e+01
2014-05-13T00:00:01.467505,358559935.722591, 1.0620000e-09, 3.3073762e+01
2014-05-13T00:00:01.484171,358559935.739258, 1.0620000e-09, 3.3076203e+01
2014-05-13T00:00:01.500838,358559935.755924, 1.0620000e-09, 3.3077424e+01
2014-05-13T00:00:01.517505,358559935.772591, 1.0620000e-09, 3.3078645e+01
2014-05-13T00:00:01.534171,358559935.789258, 1.0620000e-09, 3.3077424e+01
2014-05-13T00:00:01.550838,358559935.805924, 1.0620000e-09, 3.3078645e+01
2014-05-13T00:00:01.567505,358559935.822591, 1.0620000e-09, 3.3078645e+01
2014-05-13T00:00:01.584171,358559935.839258, 1.0620000e-09, 3.3079866e+01
2014-05-13T00:00:01.600838,358559935.855924, 1.0620000e-09, 3.3082307e+01
2014-05-13T00:00:01.617505,358559935.872591, 1.0620000e-09, 3.3083528e+01
2014-05-13T00:00:01.634171,358559935.889258, 1.0620000e-09, 3.3084748e+01
2014-05-13T00:00:01.650838,358559935.905924, 1.0620000e-09, 3.3085969e+01
2014-05-13T00:00:01.667505,358559935.922591, 1.0620000e-09, 3.3085969e+01
2014-05-13T00:00:01.684171,358559935.939258, 1.0620000e-09, 3.3085969e+01
2014-05-13T00:00:01.700838,358559935.955924, 1.0620000e-09, 3.3087190e+01
2014-05-13T00:00:01.717505,358559935.972591, 1.0620000e-09, 3.3087190e+01
2014-05-13T00:00:01.734171,358559935.989258, 1.0620000e-09, 3.3088410e+01
2014-05-13T00:00:01.750838,358559936.005924, 1.0620000e-09, 3.3089631e+01
2014-05-13T00:00:01.767505,358559936.022591, 1.0620000e-09, 3.3090852e+01
2014-05-13T00:00:01.784171,358559936.039258, 1.0620000e-09, 3.3089631e+01
2014-05-13T00:00:01.800838,358559936.055924, 1.0620000e-09, 3.3089631e+01
2014-05-13T00:00:01.817505,358559936.072591, 1.0620000e-09, 3.3089631e+01
2014-05-13T00:00:01.834172,358559936.089258, 1.0620000e-09, 3.3089631e+01
2014-05-13T00:00:01.850838,358559936.105924, 1.0620000e-09, 3.3090852e+01
2014-05-13T00:00:01.867505,358559936.122591, 1.0620000e-09, 3.3092073e+01
2014-05-13T00:00:01.884171,358559936.139258, 1.0620000e-09, 3.3093293e+01
2014-05-13T00:00:01.900838,358559936.155924, 1.0620000e-09, 3.3092073e+01
2014-05-13T00:00:01.917505,358559936.172591, 1.0620000e-09, 3.3090852e+01
2014-05-13T00:00:01.934171,358559936.189258, 1.0620000e-09, 3.3092073e+01
2014-05-13T00:00:01.950838,358559936.205924, 1.0620000e-09, 3.3092073e+01
2014-05-13T00:00:01.967505,358559936.222591, 1.0620000e-09, 3.3090852e+01
2014-05-13T00:00:01.984171,358559936.239258, 1.0620000e-09, 3.3090852e+01
2014-05-13T00:00:02.000838,358559936.255924, 1.0620000e-09, 3.3089631e+01
2014-05-13T00:00:02.017505,358559936.272591, 1.0620000e-09, 3.3088410e+01
2014-05-13T00:00:02.034172,358559936.289258, 1.0620000e-09, 3.3088410e+01
2014-05-13T00:00:02.050838,358559936.305924, 1.0620000e-09, 3.3087190e+01
2014-05-13T00:00:02.067505,358559936.322591, 1.0620000e-09, 3.3085969e+01
2014-05-13T00:00:02.084172,358559936.339258, 1.0620000e-09, 3.3084748e+01
2014-05-13T00:00:02.100838,358559936.355924, 1.0620000e-09, 3.3083528e+01
2014-05-13T00:00:02.117505,358559936.372591, 1.0620000e-09, 3.3081086e+01
2014-05-13T00:00:02.134171,358559936.389258, 1.0620000e-09, 3.3081086e+01
2014-05-13T00:00:02.150838,358559936.405924, 1.0620000e-09, 3.3079866e+01
2014-05-13T00:00:02.167505,358559936.422591, 1.0620000e-09, 3.3078645e+01
2014-05-13T00:00:02.184171,358559936.439258, 1.0620000e-09, 3.3077424e+01
2014-05-13T00:00:02.200838,358559936.455924, 1.0620000e-09, 3.3077424e+01
2014-05-13T00:00:02.217505,358559936.472591, 1.0620000e-09, 3.3076203e+01
2014-05-13T00:00:02.234172,358559936.489258, 1.0620000e-09, 3.3074983e+01
2014-05-13T00:00:02.250838,358559936.505924, 1.0620000e-09, 3.3073762e+01
2014-05-13T00:00:02.267505,358559936.522591, 1.0620000e-09, 3.3072541e+01
2014-05-13T00:00:02.284172,358559936.539258, 1.0620000e-09, 3.3072541e+01
2014-05-13T00:00:02.300838,358559936.555924, 1.0620000e-09, 3.3071321e+01
2014-05-13T00:00:02.317505,358559936.572591, 1.0620000e-09, 3.3068879e+01
2014-05-13T00:00:02.334172,358559936.589258, 1.0620000e-09, 3.3070100e+01
2014-05-13T00:00:02.350838,358559936.605924, 1.0620000e-09, 3.3071321e+01
2014-05-13T00:00:02.367505,358559936.622591, 1.0620000e-09, 3.3071321e+01
2014-05-13T00:00:02.384171,358559936.639258, 1.0620000e-09, 3.3071321e+01
2014-05-13T00:00:02.400838,358559936.655924, 1.0620000e-09, 3.3071321e+01
2014-05-13T00:00:02.417505,358559936.672591, 1.0620000e-09, 3.3072541e+01
2014-05-13T00:00:02.434172,358559936.689258, 1.0620000e-09, 3.3073762e+01
2014-05-13T00:00:02.450838,358559936.705924, 1.0620000e-09, 3.3074983e+01
2014-05-13T00:00:02.467505,358559936.722591, 1.0620000e-09, 3.3076203e+01
2014-05-13T00:00:02.484172,358559936.739258, 1.0620000e-09, 3.3076203e+01
2014-05-13T00:00:02.500838,358559936.755924, 1.0620000e-09, 3.3074983e+01
2014-05-13T00:00:02.517505,358559936.772591, 1.0620000e-09, 3.3076203e+01
2014-05-13T00:00:02.534172,358559936.789258, 1.0620000e-09, 3.3077424e+01
2014-05-13T00:00:02.550838,358559936.805924, 1.0620000e-09, 3.3078645e+01
2014-05-13T00:00:02.567505,358559936.822591, 1.0620000e-09, 3.3081086e+01
2014-05-13T00:00:02.584172,358559936.839258, 1.0620000e-09, 3.3082307e+01
2014-05-13T00:00:02.600838,358559936.855924, 1.0620000e-09, 3.3084748e+01
2014-05-13T00:00:02.617505,358559936.872591, 1.0620000e-09, 3.3085969e+01
2014-05-13T00:00:02.634172,358559936.889258, 1.0620000e-09, 3.3087190e+01
2014-05-13T00:00:02.650838,358559936.905924, 1.0620000e-09, 3.3087190e+01
2014-05-13T00:00:02.667505,358559936.922591, 1.0620000e-09, 3.3088410e+01
2014-05-13T00:00:02.684172,358559936.939258, 1.0620000e-09, 3.3089631e+01
2014-05-13T00:00:02.700838,358559936.955924, 1.0620000e-09, 3.3089631e+01
2014-05-13T00:00:02.717505,358559936.972591, 1.0620000e-09, 3.3090852e+01
2014-05-13T00:00:02.734172,358559936.989258, 1.0620000e-09, 3.3092073e+01
2014-05-13T00:00:02.750838,358559937.005924, 1.0620000e-09, 3.3092073e+01
2014-05-13T00:00:02.767505,358559937.022591, 1.0620000e-09, 3.3092073e+01
2014-05-13T00:00:02.784172,358559937.039258, 1.0620000e-09, 3.3092073e+01
2014-05-13T00:00:02.800838,358559937.055924, 1.0620000e-09, 3.3092073e+01
2014-05-13T00:00:02.817505,358559937.072591, 1.0620000e-09, 3.3092073e+01
2014-05-13T00:00:02.834172,358559937.089258, 1.0620000e-09, 3.3093293e+01
2014-05-13T00:00:02.850838,358559937.105924, 1.0620000e-09, 3.3093293e+01
2014-05-13T00:00:02.867505,358559937.122591, 1.0620000e-09, 3.3093293e+01
2014-05-13T00:00:02.884172,358559937.139258, 1.0620000e-09, 3.3094514e+01
2014-05-13T00:00:02.900838,358559937.155924, 1.0620000e-09, 3.3095735e+01
2014-05-13T00:00:02.917505,358559937.172591, 1.0620000e-09, 3.3095735e+01
2014-05-13T00:00:02.934172,358559937.189258, 1.0620000e-09, 3.3094514e+01
2014-05-13T00:00:02.950838,358559937.205924, 1.0620000e-09, 3.3093293e+01
2014-05-13T00:00:02.967505,358559937.222591, 1.0620000e-09, 3.3092073e+01
2014-05-13T00:00:02.984172,358559937.239258, 1.0620000e-09, 3.3092073e+01
2014-05-13T00:00:03.000839,358559937.255924, 1.0620000e-09, 3.3092073e+01
2014-05-13T00:00:03.017505,358559937.272591, 1.0620000e-09, 3.3092073e+01
2014-05-13T00:00:03.034172,358559937.289258, 1.0620000e-09, 3.3093293e+01
2014-05-13T00:00:03.050838,358559937.305924, 1.0620000e-09, 3.3090852e+01
2014-05-13T00:00:03.067505,358559937.322591, 1.0620000e-09, 3.3090852e+01
2014-05-13T00:00:03.084172,358559937.339258, 1.0620000e-09, 3.3089631e+01
2014-05-13T00:00:03.100838,358559937.355924, 1.0620000e-09, 3.3088410e+01
2014-05-13T00:00:03.117505,358559937.372591, 1.0620000e-09, 3.3088410e+01
2014-05-13T00:00:03.134172,358559937.389258, 1.0620000e-09, 3.3089631e+01
2014-05-13T00:00:03.150839,358559937.405924, 1.0620000e-09, 3.3089631e+01
2014-05-13T00:00:03.167505,358559937.422591, 1.0620000e-09, 3.3089631e+01
2014-05-13T00:00:03.184172,358559937.439258, 1.0620000e-09, 3.3088410e+01
2014-05-13T00:00:03.200839,358559937.455924, 1.0620000e-09, 3.3088410e+01
2014-05-13T00:00:03.217505,358559937.472591, 1.0620000e-09, 3.3088410e+01
2014-05-13T00:00:03.234172,358559937.489258, 1.0620000e-09, 3.3088410e+01
2014-05-13T00:00:03.250839,358559937.505924, 1.0620000e-09, 3.3087190e+01
2014-05-13T00:00:03.267505,358559937.522591, 1.0620000e-09, 3.3085969e+01
2014-05-13T00:00:03.284172,358559937.539258, 1.0620000e-09, 3.3084748e+01
2014-05-13T00:00:03.300838,358559937.555924, 1.0620000e-09, 3.3087190e+01
2014-05-13T00:00:03.317505,358559937.572591, 1.0620000e-09, 3.3088410e+01
2014-05-13T00:00:03.334172,358559937.589258, 1.0620000e-09, 3.3089631e+01
2014-05-13T00:00:03.350839,358559937.605924, 1.0620000e-09, 3.3092073e+01
2014-05-13T00:00:03.367505,358559937.622591, 1.0620000e-09, 3.3093293e+01
2014-05-13T00:00:03.384172,358559937.639258, 1.0620000e-09, 3.3094514e+01
2014-05-13T00:00:03.400839,358559937.655924, 1.0620000e-09, 3.3094514e+01
2014-05-13T00:00:03.417505,358559937.672591, 1.0620000e-09, 3.3096955e+01
2014-05-13T00:00:03.434172,358559937.689258, 1.0620000e-09, 3.3096955e+01
2014-05-13T00:00:03.450839,358559937.705924, 1.0620000e-09, 3.3098176e+01
2014-05-13T00:00:03.467505,358559937.722591, 1.0620000e-09, 3.3098176e+01
2014-05-13T00:00:03.484172,358559937.739258, 1.0620000e-09, 3.3099397e+01
2014-05-13T00:00:03.500839,358559937.755924, 1.0620000e-09, 3.3099397e+01
2014-05-13T00:00:03.517505,358559937.772591, 1.0620000e-09, 3.3100618e+01
2014-05-13T00:00:03.534172,358559937.789258, 1.0620000e-09, 3.3100618e+01
2014-05-13T00:00:03.550839,358559937.805924, 1.0620000e-09, 3.3100618e+01
2014-05-13T00:00:03.567505,358559937.822591, 1.0620000e-09, 3.3100618e+01
2014-05-13T00:00:03.584172,358559937.839258, 1.0620000e-09, 3.3101838e+01
2014-05-13T00:00:03.600839,358559937.855924, 1.0620000e-09, 3.3103059e+01
2014-05-13T00:00:03.617505,358559937.872591, 1.0620000e-09, 3.3103059e+01
2014-05-13T00:00:03.634172,358559937.889258, 1.0620000e-09, 3.3103059e+01
2014-05-13T00:00:03.650839,358559937.905924, 1.0620000e-09, 3.3101838e+01
2014-05-13T00:00:03.667505,358559937.922591, 1.0620000e-09, 3.3101838e+01
2014-05-13T00:00:03.684172,358559937.939258, 1.0620000e-09, 3.3103059e+01
2014-05-13T00:00:03.700839,358559937.955924, 1.0620000e-09, 3.3104280e+01
2014-05-13T00:00:03.717505,358559937.972591, 1.0620000e-09, 3.3105500e+01
2014-05-13T00:00:03.734172,358559937.989258, 1.0620000e-09, 3.3106721e+01
2014-05-13T00:00:03.750839,358559938.005924, 1.0620000e-09, 3.3106721e+01
2014-05-13T00:00:03.767505,358559938.022591, 1.0620000e-09, 3.3106721e+01
2014-05-13T00:00:03.784172,358559938.039258, 1.0620000e-09, 3.3106721e+01
2014-05-13T00:00:03.800839,358559938.055924, 1.0620000e-09, 3.3106721e+01
2014-05-13T00:00:03.817505,358559938.072591, 1.0620000e-09, 3.3106721e+01
2014-05-13T00:00:03.834172,358559938.089258, 1.0620000e-09, 3.3106721e+01
2014-05-13T00:00:03.850839,358559938.105924, 1.0620000e-09, 3.3107942e+01
2014-05-13T00:00:03.867505,358559938.122591, 1.0620000e-09, 3.3110383e+01
2014-05-13T00:00:03.884172,358559938.139258, 1.0620000e-09, 3.3109162e+01
2014-05-13T00:00:03.900839,358559938.155924, 1.0620000e-09, 3.3107942e+01
2014-05-13T00:00:03.917506,358559938.172591, 1.0620000e-09, 3.3106721e+01
2014-05-13T00:00:03.934172,358559938.189258, 1.0620000e-09, 3.3105500e+01
2014-05-13T00:00:03.950839,358559938.205924, 1.0620000e-09, 3.3105500e+01
2014-05-13T00:00:03.967505,358559938.222591, 1.0620000e-09, 3.3106721e+01
2014-05-13T00:00:03.984172,358559938.239258, 1.0620000e-09, 3.3107942e+01
2014-05-13T00:00:04.000839,358559938.255924, 1.0620000e-09, 3.3110383e+01
2014-05-13T00:00:04.017505,358559938.272591, 1.0620000e-09, 3.3110383e+01
2014-05-13T00:00:04.034172,358559938.289258, 1.0620000e-09, 3.3109162e+01
2014-05-13T00:00:04.050839,358559938.305924, 1.0620000e-09, 3.3107942e+01
2014-05-13T00:00:04.067506,358559938.322591, 1.0620000e-09, 3.3107942e+01
2014-05-13T00:00:04.084172,358559938.339258, 1.0620000e-09, 3.3106721e+01
2014-05-13T00:00:04.100839,358559938.355924, 1.0620000e-09, 3.3106721e+01
2014-05-13T00:00:04.117506,358559938.372591, 1.0620000e-09, 3.3109162e+01
2014-05-13T00:00:04.134172,358559938.389258, 1.0620000e-09, 3.3107942e+01
2014-05-13T00:00:04.150839,358559938.405924, 1.0620000e-09, 3.3107942e+01
2014-05-13T00:00:04.167506,358559938.422591, 1.0620000e-09, 3.3106721e+01
2014-05-13T00:00:04.184172,358559938.439258, 1.0620000e-09, 3.3106721e+01
2014-05-13T00:00:04.200839,358559938.455924, 1.0620000e-09, 3.3106721e+01
2014-05-13T00:00:04.217506,358559938.472591, 1.0620000e-09, 3.3106721e+01
2014-05-13T00:00:04.234172,358559938.489258, 1.0620000e-09, 3.3106721e+01
2014-05-13T00:00:04.250839,358559938.505924, 1.0620000e-09, 3.3106721e+01
2014-05-13T00:00:04.267506,358559938.522591, 1.0620000e-09, 3.3109162e+01
2014-05-13T00:00:04.284172,358559938.539258, 1.0620000e-09, 3.3111604e+01
2014-05-13T00:00:04.300839,358559938.555924, 1.0620000e-09, 3.3114045e+01
2014-05-13T00:00:04.317506,358559938.572591, 1.0620000e-09, 3.3116487e+01
2014-05-13T00:00:04.334172,358559938.589258, 1.0620000e-09, 3.3118928e+01
2014-05-13T00:00:04.350839,358559938.605924, 1.0620000e-09, 3.3120149e+01
2014-05-13T00:00:04.367506,358559938.622591, 1.0620000e-09, 3.3122590e+01
2014-05-13T00:00:04.384172,358559938.639258, 1.0620000e-09, 3.3123811e+01
2014-05-13T00:00:04.400839,358559938.655924, 1.0620000e-09, 3.3123811e+01
2014-05-13T00:00:04.417506,358559938.672591, 1.0620000e-09, 3.3125032e+01
2014-05-13T00:00:04.434172,358559938.689258, 1.0620000e-09, 3.3126252e+01
2014-05-13T00:00:04.450839,358559938.705924, 1.0620000e-09, 3.3127473e+01
2014-05-13T00:00:04.467506,358559938.722591, 1.0620000e-09, 3.3127473e+01
2014-05-13T00:00:04.484172,358559938.739258, 1.0620000e-09, 3.3127473e+01
2014-05-13T00:00:04.500839,358559938.755924, 1.0620000e-09, 3.3126252e+01
2014-05-13T00:00:04.517506,358559938.772591, 1.0620000e-09, 3.3126252e+01
2014-05-13T00:00:04.534172,358559938.789258, 1.0620000e-09, 3.3125032e+01
2014-05-13T00:00:04.550839,358559938.805924, 1.0620000e-09, 3.3126252e+01
2014-05-13T00:00:04.567506,358559938.822591, 1.0620000e-09, 3.3125032e+01
2014-05-13T00:00:04.584172,358559938.839258, 1.0620000e-09, 3.3125032e+01
2014-05-13T00:00:04.600839,358559938.855924, 1.0620000e-09, 3.3122590e+01
2014-05-13T00:00:04.617506,358559938.872591, 1.0620000e-09, 3.3121369e+01
2014-05-13T00:00:04.634172,358559938.889258, 1.0620000e-09, 3.3120149e+01
2014-05-13T00:00:04.650839,358559938.905924, 1.0620000e-09, 3.3120149e+01
2014-05-13T00:00:04.667506,358559938.922591, 1.0620000e-09, 3.3120149e+01
2014-05-13T00:00:04.684172,358559938.939258, 1.0620000e-09, 3.3120149e+01
2014-05-13T00:00:04.700839,358559938.955924, 1.0620000e-09, 3.3120149e+01
2014-05-13T00:00:04.717506,358559938.972591, 1.0620000e-09, 3.3120149e+01
2014-05-13T00:00:04.734172,358559938.989258, 1.0620000e-09, 3.3121369e+01
2014-05-13T00:00:04.750839,358559939.005924, 1.0620000e-09, 3.3121369e+01
2014-05-13T00:00:04.767506,358559939.022591, 1.0620000e-09, 3.3120149e+01
2014-05-13T00:00:04.784173,358559939.039258, 1.0620000e-09, 3.3120149e+01
2014-05-13T00:00:04.800839,358559939.055924, 1.0620000e-09, 3.3118928e+01
2014-05-13T00:00:04.817506,358559939.072591, 1.0620000e-09, 3.3120149e+01
2014-05-13T00:00:04.834172,358559939.089258, 1.0620000e-09, 3.3122590e+01
2014-05-13T00:00:04.850839,358559939.105924, 1.0620000e-09, 3.3122590e+01
2014-05-13T00:00:04.867506,358559939.122591, 1.0620000e-09, 3.3121369e+01
2014-05-13T00:00:04.884172,358559939.139258, 1.0620000e-09, 3.3118928e+01
2014-05-13T00:00:04.900839,358559939.155924, 1.0620000e-09, 3.3117707e+01
2014-05-13T00:00:04.917506,358559939.172591, 1.0620000e-09, 3.3117707e+01
2014-05-13T00:00:04.934172,358559939.189258, 1.0620000e-09, 3.3116487e+01
2014-05-13T00:00:04.950839,358559939.205924, 1.0620000e-09, 3.3116487e+01
2014-05-13T00:00:04.967506,358559939.222591, 1.0620000e-09, 3.3117707e+01
2014-05-13T00:00:04.984173,358559939.239258, 1.0620000e-09, 3.3116487e+01
2014-05-13T00:00:05.000839,358559939.255924, 1.0620000e-09, 3.3116487e+01
2014-05-13T00:00:05.017506,358559939.272591, 1.0620000e-09, 3.3114045e+01
2014-05-13T00:00:05.034173,358559939.289258, 1.0620000e-09, 3.3115266e+01
2014-05-13T00:00:05.050839,358559939.305924, 1.0620000e-09, 3.3114045e+01
2014-05-13T00:00:05.067506,358559939.322591, 1.0620000e-09, 3.3115266e+01
2014-05-13T00:00:05.084172,358559939.339258, 1.0620000e-09, 3.3114045e+01
2014-05-13T00:00:05.100839,358559939.355924, 1.0620000e-09, 3.3115266e+01
2014-05-13T00:00:05.117506,358559939.372591, 1.0620000e-09, 3.3115266e+01
2014-05-13T00:00:05.134172,358559939.389258, 1.0620000e-09, 3.3115266e+01
2014-05-13T00:00:05.150839,358559939.405924, 1.0620000e-09, 3.3115266e+01
2014-05-13T00:00:05.167506,358559939.422591, 1.0620000e-09, 3.3116487e+01
2014-05-13T00:00:05.184173,358559939.439258, 1.0620000e-09, 3.3117707e+01
2014-05-13T00:00:05.200839,358559939.455924, 1.0620000e-09, 3.3116487e+01
2014-05-13T00:00:05.217506,358559939.472591, 1.0620000e-09, 3.3116487e+01
2014-05-13T00:00:05.234173,358559939.489258, 1.0620000e-09, 3.3120149e+01
2014-05-13T00:00:05.250839,358559939.505924, 1.0620000e-09, 3.3121369e+01
2014-05-13T00:00:05.267506,358559939.522591, 1.0620000e-09, 3.3125032e+01
2014-05-13T00:00:05.284173,358559939.539258, 1.0620000e-09, 3.3126252e+01
2014-05-13T00:00:05.300839,358559939.555924, 1.0620000e-09, 3.3127473e+01
2014-05-13T00:00:05.317506,358559939.572591, 1.0620000e-09, 3.3128694e+01
2014-05-13T00:00:05.334173,358559939.589258, 1.0620000e-09, 3.3128694e+01
2014-05-13T00:00:05.350839,358559939.605924, 1.0620000e-09, 3.3129914e+01
2014-05-13T00:00:05.367506,358559939.622591, 1.0620000e-09, 3.3129914e+01
2014-05-13T00:00:05.384173,358559939.639258, 1.0620000e-09, 3.3129914e+01
2014-05-13T00:00:05.400839,358559939.655924, 1.0620000e-09, 3.3131135e+01
2014-05-13T00:00:05.417506,358559939.672591, 1.0620000e-09, 3.3131135e+01
2014-05-13T00:00:05.434173,358559939.689258, 1.0620000e-09, 3.3132356e+01
2014-05-13T00:00:05.450839,358559939.705924, 1.0620000e-09, 3.3133577e+01
2014-05-13T00:00:05.467506,358559939.722591, 1.0620000e-09, 3.3134797e+01
2014-05-13T00:00:05.484173,358559939.739258, 1.0620000e-09, 3.3134797e+01
2014-05-13T00:00:05.500839,358559939.755924, 1.0620000e-09, 3.3134797e+01
2014-05-13T00:00:05.517506,358559939.772591, 1.0620000e-09, 3.3136018e+01
2014-05-13T00:00:05.534173,358559939.789258, 1.0620000e-09, 3.3137239e+01
2014-05-13T00:00:05.550839,358559939.805924, 1.0620000e-09, 3.3139680e+01
2014-05-13T00:00:05.567506,358559939.822591, 1.0620000e-09, 3.3139680e+01
2014-05-13T00:00:05.584173,358559939.839258, 1.0620000e-09, 3.3142121e+01
2014-05-13T00:00:05.600839,358559939.855924, 1.0620000e-09, 3.3143342e+01
2014-05-13T00:00:05.617506,358559939.872591, 1.0620000e-09, 3.3143342e+01
2014-05-13T00:00:05.634173,358559939.889258, 1.0620000e-09, 3.3144563e+01
2014-05-13T00:00:05.650839,358559939.905924, 1.0620000e-09, 3.3145784e+01
2014-05-13T00:00:05.667506,358559939.922591, 1.0620000e-09, 3.3148225e+01
2014-05-13T00:00:05.684173,358559939.939258, 1.0620000e-09, 3.3150666e+01
2014-05-13T00:00:05.700839,358559939.955924, 1.0620000e-09, 3.3153108e+01
2014-05-13T00:00:05.717506,358559939.972591, 1.0620000e-09, 3.3155549e+01
2014-05-13T00:00:05.734173,358559939.989258, 1.0620000e-09, 3.3156770e+01
2014-05-13T00:00:05.750839,358559940.005924, 1.0620000e-09, 3.3157991e+01
2014-05-13T00:00:05.767506,358559940.022591, 1.0620000e-09, 3.3157991e+01
2014-05-13T00:00:05.784173,358559940.039258, 1.0620000e-09, 3.3160432e+01
2014-05-13T00:00:05.800839,358559940.055924, 1.0620000e-09, 3.3162873e+01
2014-05-13T00:00:05.817506,358559940.072591, 1.0620000e-09, 3.3164094e+01
2014-05-13T00:00:05.834173,358559940.089258, 1.0620000e-09, 3.3165315e+01
2014-05-13T00:00:05.850839,358559940.105924, 1.0620000e-09, 3.3166536e+01
2014-05-13T00:00:05.867506,358559940.122591, 1.0620000e-09, 3.3166536e+01
2014-05-13T00:00:05.884173,358559940.139258, 1.0620000e-09, 3.3166536e+01
2014-05-13T00:00:05.900840,358559940.155924, 1.0620000e-09, 3.3167756e+01
2014-05-13T00:00:05.917506,358559940.172591, 1.0620000e-09, 3.3168977e+01
2014-05-13T00:00:05.934173,358559940.189258, 1.0620000e-09, 3.3171418e+01
2014-05-13T00:00:05.950840,358559940.205924, 1.0620000e-09, 3.3172639e+01
2014-05-13T00:00:05.967506,358559940.222591, 1.0620000e-09, 3.3172639e+01
2014-05-13T00:00:05.984173,358559940.239258, 1.0620000e-09, 3.3175080e+01
2014-05-13T00:00:06.000839,358559940.255924, 1.0620000e-09, 3.3175080e+01
2014-05-13T00:00:06.017506,358559940.272591, 1.0620000e-09, 3.3175080e+01
2014-05-13T00:00:06.034173,358559940.289258, 1.0620000e-09, 3.3175080e+01
2014-05-13T00:00:06.050839,358559940.305924, 1.0620000e-09, 3.3175080e+01
2014-05-13T00:00:06.067506,358559940.322591, 1.0620000e-09, 3.3175080e+01
2014-05-13T00:00:06.084173,358559940.339258, 1.0620000e-09, 3.3176301e+01
2014-05-13T00:00:06.100840,358559940.355924, 1.0620000e-09, 3.3176301e+01
2014-05-13T00:00:06.117506,358559940.372591, 1.0620000e-09, 3.3177522e+01
2014-05-13T00:00:06.134173,358559940.389258, 1.0620000e-09, 3.3177522e+01
2014-05-13T00:00:06.150840,358559940.405924, 1.0620000e-09, 3.3176301e+01
2014-05-13T00:00:06.167506,358559940.422591, 1.0620000e-09, 3.3173860e+01
2014-05-13T00:00:06.184173,358559940.439258, 1.0620000e-09, 3.3175080e+01
2014-05-13T00:00:06.200840,358559940.455924, 1.0620000e-09, 3.3176301e+01
2014-05-13T00:00:06.217506,358559940.472591, 1.0620000e-09, 3.3178743e+01
2014-05-13T00:00:06.234173,358559940.489258, 1.0620000e-09, 3.3179963e+01
2014-05-13T00:00:06.250839,358559940.505924, 1.0620000e-09, 3.3182405e+01
2014-05-13T00:00:06.267506,358559940.522591, 1.0620000e-09, 3.3183625e+01
2014-05-13T00:00:06.284173,358559940.539258, 1.0620000e-09, 3.3184846e+01
2014-05-13T00:00:06.300840,358559940.555924, 1.0620000e-09, 3.3186067e+01
2014-05-13T00:00:06.317506,358559940.572591, 1.0620000e-09, 3.3186067e+01
2014-05-13T00:00:06.334173,358559940.589258, 1.0620000e-09, 3.3187288e+01
2014-05-13T00:00:06.350840,358559940.605924, 1.0620000e-09, 3.3187288e+01
2014-05-13T00:00:06.367506,358559940.622591, 1.0620000e-09, 3.3187288e+01
2014-05-13T00:00:06.384173,358559940.639258, 1.0620000e-09, 3.3188508e+01
2014-05-13T00:00:06.400840,358559940.655924, 1.0620000e-09, 3.3189729e+01
2014-05-13T00:00:06.417506,358559940.672591, 1.0620000e-09, 3.3190950e+01
2014-05-13T00:00:06.434173,358559940.689258, 1.0620000e-09, 3.3192170e+01
2014-05-13T00:00:06.450840,358559940.705924, 1.0620000e-09, 3.3192170e+01
2014-05-13T00:00:06.467506,358559940.722591, 1.0620000e-09, 3.3193391e+01
2014-05-13T00:00:06.484173,358559940.739258, 1.0620000e-09, 3.3193391e+01
2014-05-13T00:00:06.500840,358559940.755924, 1.0620000e-09, 3.3194612e+01
2014-05-13T00:00:06.517506,358559940.772591, 1.0620000e-09, 3.3194612e+01
2014-05-13T00:00:06.534173,358559940.789258, 1.0620000e-09, 3.3195832e+01
2014-05-13T00:00:06.550840,358559940.805924, 1.0620000e-09, 3.3197053e+01
2014-05-13T00:00:06.567506,358559940.822591, 1.0620000e-09, 3.3197053e+01
2014-05-13T00:00:06.584173,358559940.839258, 1.0620000e-09, 3.3198274e+01
2014-05-13T00:00:06.600840,358559940.855924, 1.0620000e-09, 3.3199495e+01
2014-05-13T00:00:06.617507,358559940.872591, 1.0620000e-09, 3.3199495e+01
2014-05-13T00:00:06.634173,358559940.889258, 1.0620000e-09, 3.3199495e+01
2014-05-13T00:00:06.650840,358559940.905924, 1.0620000e-09, 3.3199495e+01
2014-05-13T00:00:06.667506,358559940.922591, 1.0620000e-09, 3.3200715e+01
2014-05-13T00:00:06.684173,358559940.939258, 1.0620000e-09, 3.3201936e+01
2014-05-13T00:00:06.700840,358559940.955924, 1.0620000e-09, 3.3203157e+01
2014-05-13T00:00:06.717506,358559940.972591, 1.0620000e-09, 3.3204377e+01
2014-05-13T00:00:06.734173,358559940.989258, 1.0620000e-09, 3.3204377e+01
2014-05-13T00:00:06.750840,358559941.005924, 1.0620000e-09, 3.3206819e+01
2014-05-13T00:00:06.767507,358559941.022591, 1.0620000e-09, 3.3206819e+01
2014-05-13T00:00:06.784173,358559941.039258, 1.0620000e-09, 3.3206819e+01
2014-05-13T00:00:06.800840,358559941.055924, 1.0620000e-09, 3.3206819e+01
2014-05-13T00:00:06.817507,358559941.072591, 1.0620000e-09, 3.3206819e+01
2014-05-13T00:00:06.834173,358559941.089258, 1.0620000e-09, 3.3205598e+01
2014-05-13T00:00:06.850840,358559941.105924, 1.0620000e-09, 3.3205598e+01
2014-05-13T00:00:06.867507,358559941.122591, 1.0620000e-09, 3.3204377e+01
2014-05-13T00:00:06.884173,358559941.139258, 1.0620000e-09, 3.3203157e+01
2014-05-13T00:00:06.900840,358559941.155924, 1.0620000e-09, 3.3203157e+01
2014-05-13T00:00:06.917506,358559941.172591, 1.0620000e-09, 3.3203157e+01
2014-05-13T00:00:06.934173,358559941.189258, 1.0620000e-09, 3.3201936e+01
2014-05-13T00:00:06.950840,358559941.205924, 1.0620000e-09, 3.3203157e+01
2014-05-13T00:00:06.967507,358559941.222591, 1.0620000e-09, 3.3203157e+01
2014-05-13T00:00:06.984173,358559941.239258, 1.0620000e-09, 3.3203157e+01
2014-05-13T00:00:07.000840,358559941.255924, 1.0620000e-09, 3.3201936e+01
2014-05-13T00:00:07.017507,358559941.272591, 1.0620000e-09, 3.3200715e+01
2014-05-13T00:00:07.034173,358559941.289258, 1.0620000e-09, 3.3200715e+01
2014-05-13T00:00:07.050840,358559941.305924, 1.0620000e-09, 3.3200715e+01
2014-05-13T00:00:07.067507,358559941.322591, 1.0620000e-09, 3.3201936e+01
2014-05-13T00:00:07.084173,358559941.339258, 1.0620000e-09, 3.3200715e+01
2014-05-13T00:00:07.100840,358559941.355924, 1.0620000e-09, 3.3200715e+01
2014-05-13T00:00:07.117507,358559941.372591, 1.0620000e-09, 3.3199495e+01
2014-05-13T00:00:07.134173,358559941.389258, 1.0620000e-09, 3.3197053e+01
2014-05-13T00:00:07.150840,358559941.405924, 1.0620000e-09, 3.3197053e+01
2014-05-13T00:00:07.167507,358559941.422591, 1.0620000e-09, 3.3197053e+01
2014-05-13T00:00:07.184173,358559941.439258, 1.0620000e-09, 3.3198274e+01
2014-05-13T00:00:07.200840,358559941.455924, 1.0620000e-09, 3.3199495e+01
2014-05-13T00:00:07.217507,358559941.472591, 1.0620000e-09, 3.3199495e+01
2014-05-13T00:00:07.234173,358559941.489258, 1.0620000e-09, 3.3199495e+01
2014-05-13T00:00:07.250840,358559941.505924, 1.0620000e-09, 3.3199495e+01
2014-05-13T00:00:07.267507,358559941.522591, 1.0620000e-09, 3.3200715e+01
2014-05-13T00:00:07.284173,358559941.539258, 1.0620000e-09, 3.3200715e+01
2014-05-13T00:00:07.300840,358559941.555924, 1.0620000e-09, 3.3200715e+01
2014-05-13T00:00:07.317507,358559941.572591, 1.0620000e-09, 3.3200715e+01
2014-05-13T00:00:07.334173,358559941.589258, 1.0620000e-09, 3.3201936e+01
2014-05-13T00:00:07.350840,358559941.605924, 1.0620000e-09, 3.3203157e+01
2014-05-13T00:00:07.367507,358559941.622591, 1.0620000e-09, 3.3203157e+01
2014-05-13T00:00:07.384173,358559941.639258, 1.0620000e-09, 3.3204377e+01
2014-05-13T00:00:07.400840,358559941.655924, 1.0620000e-09, 3.3204377e+01
2014-05-13T00:00:07.417507,358559941.672591, 1.0620000e-09, 3.3204377e+01
2014-05-13T00:00:07.434173,358559941.689258, 1.0620000e-09, 3.3204377e+01
2014-05-13T00:00:07.450840,358559941.705924, 1.0620000e-09, 3.3205598e+01
2014-05-13T00:00:07.467507,358559941.722591, 1.0620000e-09, 3.3205598e+01
2014-05-13T00:00:07.484173,358559941.739258, 1.0620000e-09, 3.3205598e+01
2014-05-13T00:00:07.500840,358559941.755924, 1.0620000e-09, 3.3205598e+01
2014-05-13T00:00:07.517507,358559941.772591, 1.0620000e-09, 3.3206819e+01
2014-05-13T00:00:07.534173,358559941.789258, 1.0620000e-09, 3.3208039e+01
2014-05-13T00:00:07.550840,358559941.805924, 1.0620000e-09, 3.3209260e+01
2014-05-13T00:00:07.567507,358559941.822591, 1.0620000e-09, 3.3211702e+01
2014-05-13T00:00:07.584173,358559941.839258, 1.0620000e-09, 3.3211702e+01
2014-05-13T00:00:07.600840,358559941.855924, 1.0620000e-09, 3.3212922e+01
2014-05-13T00:00:07.617507,358559941.872591, 1.0620000e-09, 3.3214143e+01
2014-05-13T00:00:07.634173,358559941.889258, 1.0620000e-09, 3.3215364e+01
2014-05-13T00:00:07.650840,358559941.905924, 1.0620000e-09, 3.3215364e+01
2014-05-13T00:00:07.667507,358559941.922591, 1.0620000e-09, 3.3217805e+01
2014-05-13T00:00:07.684173,358559941.939258, 1.0620000e-09, 3.3219026e+01
2014-05-13T00:00:07.700840,358559941.955924, 1.0620000e-09, 3.3219026e+01
2014-05-13T00:00:07.717507,358559941.972591, 1.0620000e-09, 3.3221467e+01
2014-05-13T00:00:07.734174,358559941.989258, 1.0620000e-09, 3.3220247e+01
2014-05-13T00:00:07.750840,358559942.005924, 1.0620000e-09, 3.3219026e+01
2014-05-13T00:00:07.767507,358559942.022591, 1.0620000e-09, 3.3219026e+01
2014-05-13T00:00:07.784173,358559942.039258, 1.0620000e-09, 3.3220247e+01
2014-05-13T00:00:07.800840,358559942.055924, 1.0620000e-09, 3.3220247e+01
2014-05-13T00:00:07.817507,358559942.072591, 1.0620000e-09, 3.3221467e+01
2014-05-13T00:00:07.834173,358559942.089258, 1.0620000e-09, 3.3221467e+01
2014-05-13T00:00:07.850840,358559942.105924, 1.0620000e-09, 3.3222688e+01
2014-05-13T00:00:07.867507,358559942.122591, 1.0620000e-09, 3.3222688e+01
2014-05-13T00:00:07.884173,358559942.139258, 1.0620000e-09, 3.3221467e+01
2014-05-13T00:00:07.900840,358559942.155924, 1.0620000e-09, 3.3221467e+01
2014-05-13T00:00:07.917507,358559942.172591, 1.0620000e-09, 3.3221467e+01
2014-05-13T00:00:07.934174,358559942.189258, 1.0620000e-09, 3.3222688e+01
2014-05-13T00:00:07.950840,358559942.205924, 1.0620000e-09, 3.3222688e+01
2014-05-13T00:00:07.967507,358559942.222591, 1.0620000e-09, 3.3222688e+01
2014-05-13T00:00:07.984174,358559942.239258, 1.0620000e-09, 3.3221467e+01
2014-05-13T00:00:08.000840,358559942.255924, 1.0620000e-09, 3.3221467e+01
2014-05-13T00:00:08.017507,358559942.272591, 1.0620000e-09, 3.3220247e+01
2014-05-13T00:00:08.034173,358559942.289258, 1.0620000e-09, 3.3220247e+01
2014-05-13T00:00:08.050840,358559942.305924, 1.0620000e-09, 3.3221467e+01
2014-05-13T00:00:08.067507,358559942.322591, 1.0620000e-09, 3.3220247e+01
2014-05-13T00:00:08.084174,358559942.339258, 1.0620000e-09, 3.3220247e+01
2014-05-13T00:00:08.100840,358559942.355924, 1.0620000e-09, 3.3217805e+01
2014-05-13T00:00:08.117507,358559942.372591, 1.0620000e-09, 3.3220247e+01
2014-05-13T00:00:08.134174,358559942.389258, 1.0620000e-09, 3.3220247e+01
2014-05-13T00:00:08.150840,358559942.405924, 1.0620000e-09, 3.3221467e+01
2014-05-13T00:00:08.167507,358559942.422591, 1.0620000e-09, 3.3221467e+01
2014-05-13T00:00:08.184174,358559942.439258, 1.0620000e-09, 3.3222688e+01
2014-05-13T00:00:08.200840,358559942.455924, 1.0620000e-09, 3.3223909e+01
2014-05-13T00:00:08.217507,358559942.472591, 1.0620000e-09, 3.3225129e+01
2014-05-13T00:00:08.234174,358559942.489258, 1.0620000e-09, 3.3225129e+01
2014-05-13T00:00:08.250840,358559942.505924, 1.0620000e-09, 3.3226350e+01
2014-05-13T00:00:08.267507,358559942.522591, 1.0620000e-09, 3.3226350e+01
2014-05-13T00:00:08.284174,358559942.539258, 1.0620000e-09, 3.3227571e+01
2014-05-13T00:00:08.300840,358559942.555924, 1.0620000e-09, 3.3227571e+01
2014-05-13T00:00:08.317507,358559942.572591, 1.0620000e-09, 3.3228791e+01
2014-05-13T00:00:08.334174,358559942.589258, 1.0620000e-09, 3.3231233e+01
2014-05-13T00:00:08.350840,358559942.605924, 1.0620000e-09, 3.3232454e+01
2014-05-13T00:00:08.367507,358559942.622591, 1.0620000e-09, 3.3233674e+01
2014-05-13T00:00:08.384174,358559942.639258, 1.0620000e-09, 3.3234895e+01
2014-05-13T00:00:08.400840,358559942.655924, 1.0620000e-09, 3.3236116e+01
2014-05-13T00:00:08.417507,358559942.672591, 1.0620000e-09, 3.3236116e+01
2014-05-13T00:00:08.434174,358559942.689258, 1.0620000e-09, 3.3237336e+01
2014-05-13T00:00:08.450840,358559942.705924, 1.0620000e-09, 3.3237336e+01
2014-05-13T00:00:08.467507,358559942.722591, 1.0620000e-09, 3.3238557e+01
2014-05-13T00:00:08.484174,358559942.739258, 1.0620000e-09, 3.3239778e+01
2014-05-13T00:00:08.500840,358559942.755924, 1.0620000e-09, 3.3240999e+01
2014-05-13T00:00:08.517507,358559942.772591, 1.0620000e-09, 3.3243440e+01
2014-05-13T00:00:08.534174,358559942.789258, 1.0620000e-09, 3.3243440e+01
2014-05-13T00:00:08.550840,358559942.805924, 1.0620000e-09, 3.3243440e+01
2014-05-13T00:00:08.567507,358559942.822591, 1.0620000e-09, 3.3244661e+01
2014-05-13T00:00:08.584174,358559942.839258, 1.0620000e-09, 3.3244661e+01
2014-05-13T00:00:08.600840,358559942.855924, 1.0620000e-09, 3.3244661e+01
2014-05-13T00:00:08.617507,358559942.872591, 1.0620000e-09, 3.3244661e+01
2014-05-13T00:00:08.634174,358559942.889258, 1.0620000e-09, 3.3243440e+01
2014-05-13T00:00:08.650841,358559942.905924, 1.0620000e-09, 3.3242219e+01
2014-05-13T00:00:08.667507,358559942.922591, 1.0620000e-09, 3.3242219e+01
2014-05-13T00:00:08.684174,358559942.939258, 1.0620000e-09, 3.3242219e+01
2014-05-13T00:00:08.700840,358559942.955924, 1.0620000e-09, 3.3239778e+01
2014-05-13T00:00:08.717507,358559942.972591, 1.0620000e-09, 3.3237336e+01
2014-05-13T00:00:08.734174,358559942.989258, 1.0620000e-09, 3.3236116e+01
2014-05-13T00:00:08.750840,358559943.005924, 1.0620000e-09, 3.3234895e+01
2014-05-13T00:00:08.767507,358559943.022591, 1.0620000e-09, 3.3233674e+01
2014-05-13T00:00:08.784174,358559943.039258, 1.0620000e-09, 3.3233674e+01
2014-05-13T00:00:08.800840,358559943.055924, 1.0620000e-09, 3.3233674e+01
2014-05-13T00:00:08.817507,358559943.072591, 1.0620000e-09, 3.3233674e+01
2014-05-13T00:00:08.834174,358559943.089258, 1.0620000e-09, 3.3232454e+01
2014-05-13T00:00:08.850841,358559943.105924, 1.0620000e-09, 3.3230012e+01
2014-05-13T00:00:08.867507,358559943.122591, 1.0620000e-09, 3.3228791e+01
2014-05-13T00:00:08.884174,358559943.139258, 1.0620000e-09, 3.3227571e+01
2014-05-13T00:00:08.900841,358559943.155924, 1.0620000e-09, 3.3226350e+01
2014-05-13T00:00:08.917507,358559943.172591, 1.0620000e-09, 3.3226350e+01
2014-05-13T00:00:08.934174,358559943.189258, 1.0620000e-09, 3.3225129e+01
2014-05-13T00:00:08.950840,358559943.205924, 1.0620000e-09, 3.3223909e+01
2014-05-13T00:00:08.967507,358559943.222591, 1.0620000e-09, 3.3222688e+01
2014-05-13T00:00:08.984174,358559943.239258, 1.0620000e-09, 3.3220247e+01
2014-05-13T00:00:09.000841,358559943.255924, 1.0620000e-09, 3.3220247e+01
2014-05-13T00:00:09.017507,358559943.272591, 1.0620000e-09, 3.3217805e+01
2014-05-13T00:00:09.034174,358559943.289258, 1.0620000e-09, 3.3217805e+01
2014-05-13T00:00:09.050841,358559943.305924, 1.0620000e-09, 3.3216584e+01
2014-05-13T00:00:09.067507,358559943.322591, 1.0620000e-09, 3.3216584e+01
2014-05-13T00:00:09.084174,358559943.339258, 1.0620000e-09, 3.3216584e+01
2014-05-13T00:00:09.100841,358559943.355924, 1.0620000e-09, 3.3217805e+01
2014-05-13T00:00:09.117507,358559943.372591, 1.0620000e-09, 3.3217805e+01
2014-05-13T00:00:09.134174,358559943.389258, 1.0620000e-09, 3.3216584e+01
2014-05-13T00:00:09.150841,358559943.405924, 1.0620000e-09, 3.3217805e+01
2014-05-13T00:00:09.167507,358559943.422591, 1.0620000e-09, 3.3219026e+01
2014-05-13T00:00:09.184174,358559943.439258, 1.0620000e-09, 3.3220247e+01
2014-05-13T00:00:09.200841,358559943.455924, 1.0620000e-09, 3.3220247e+01
2014-05-13T00:00:09.217507,358559943.472591, 1.0620000e-09, 3.3220247e+01
2014-05-13T00:00:09.234174,358559943.489258, 1.0620000e-09, 3.3220247e+01
2014-05-13T00:00:09.250841,358559943.505924, 1.0620000e-09, 3.3220247e+01
2014-05-13T00:00:09.267507,358559943.522591, 1.0620000e-09, 3.3221467e+01
2014-05-13T00:00:09.284174,358559943.539258, 1.0620000e-09, 3.3222688e+01
2014-05-13T00:00:09.300841,358559943.555924, 1.0620000e-09, 3.3223909e+01
2014-05-13T00:00:09.317507,358559943.572591, 1.0620000e-09, 3.3223909e+01
2014-05-13T00:00:09.334174,358559943.589258, 1.0620000e-09, 3.3225129e+01
2014-05-13T00:00:09.350841,358559943.605924, 1.0620000e-09, 3.3225129e+01
2014-05-13T00:00:09.367507,358559943.622591, 1.0620000e-09, 3.3226350e+01
2014-05-13T00:00:09.384174,358559943.639258, 1.0620000e-09, 3.3226350e+01
2014-05-13T00:00:09.400841,358559943.655924, 1.0620000e-09, 3.3226350e+01
2014-05-13T00:00:09.417507,358559943.672591, 1.0620000e-09, 3.3226350e+01
2014-05-13T00:00:09.434174,358559943.689258, 1.0620000e-09, 3.3227571e+01
2014-05-13T00:00:09.450841,358559943.705924, 1.0620000e-09, 3.3227571e+01
2014-05-13T00:00:09.467507,358559943.722591, 1.0620000e-09, 3.3228791e+01
2014-05-13T00:00:09.484174,358559943.739258, 1.0620000e-09, 3.3230012e+01
2014-05-13T00:00:09.500841,358559943.755924, 1.0620000e-09, 3.3231233e+01
2014-05-13T00:00:09.517508,358559943.772591, 1.0620000e-09, 3.3232454e+01
2014-05-13T00:00:09.534174,358559943.789258, 1.0620000e-09, 3.3233674e+01
2014-05-13T00:00:09.550841,358559943.805924, 1.0620000e-09, 3.3234895e+01
2014-05-13T00:00:09.567508,358559943.822591, 1.0620000e-09, 3.3234895e+01
2014-05-13T00:00:09.584174,358559943.839258, 1.0620000e-09, 3.3236116e+01
2014-05-13T00:00:09.600841,358559943.855924, 1.0620000e-09, 3.3236116e+01
2014-05-13T00:00:09.617507,358559943.872591, 1.0620000e-09, 3.3236116e+01
2014-05-13T00:00:09.634174,358559943.889258, 1.0620000e-09, 3.3237336e+01
2014-05-13T00:00:09.650841,358559943.905924, 1.0620000e-09, 3.3238557e+01
2014-05-13T00:00:09.667507,358559943.922591, 1.0620000e-09, 3.3238557e+01
2014-05-13T00:00:09.684174,358559943.939258, 1.0620000e-09, 3.3238557e+01
2014-05-13T00:00:09.700841,358559943.955924, 1.0620000e-09, 3.3237336e+01
2014-05-13T00:00:09.717508,358559943.972591, 1.0620000e-09, 3.3236116e+01
2014-05-13T00:00:09.734174,358559943.989258, 1.0620000e-09, 3.3236116e+01
2014-05-13T00:00:09.750841,358559944.005924, 1.0620000e-09, 3.3236116e+01
2014-05-13T00:00:09.767508,358559944.022591, 1.0620000e-09, 3.3238557e+01
2014-05-13T00:00:09.784174,358559944.039258, 1.0620000e-09, 3.3239778e+01
2014-05-13T00:00:09.800841,358559944.055924, 1.0620000e-09, 3.3239778e+01
2014-05-13T00:00:09.817508,358559944.072591, 1.0620000e-09, 3.3239778e+01
2014-05-13T00:00:09.834174,358559944.089258, 1.0620000e-09, 3.3238557e+01
2014-05-13T00:00:09.850841,358559944.105924, 1.0620000e-09, 3.3238557e+01
2014-05-13T00:00:09.867507,358559944.122591, 1.0620000e-09, 3.3238557e+01
2014-05-13T00:00:09.884174,358559944.139258, 1.0620000e-09, 3.3238557e+01
2014-05-13T00:00:09.900841,358559944.155924, 1.0620000e-09, 3.3240999e+01
2014-05-13T00:00:09.917508,358559944.172591, 1.0620000e-09, 3.3242219e+01
2014-05-13T00:00:09.934174,358559944.189258, 1.0620000e-09, 3.3242219e+01
2014-05-13T00:00:09.950841,358559944.205924, 1.0620000e-09, 3.3243440e+01
2014-05-13T00:00:09.967508,358559944.222591, 1.0620000e-09, 3.3243440e+01
2014-05-13T00:00:09.984174,358559944.239258, 1.0620000e-09, 3.3243440e+01
2014-05-13T00:00:10.000841,358559944.255924, 1.0620000e-09, 3.3243440e+01
2014-05-13T00:00:10.017508,358559944.272591, 1.0620000e-09, 3.3242219e+01
2014-05-13T00:00:10.034174,358559944.289258, 1.0620000e-09, 3.3243440e+01
2014-05-13T00:00:10.050841,358559944.305924, 1.0620000e-09, 3.3244661e+01
2014-05-13T00:00:10.067508,358559944.322591, 1.0620000e-09, 3.3247102e+01
2014-05-13T00:00:10.084174,358559944.339258, 1.0620000e-09, 3.3247102e+01
2014-05-13T00:00:10.100841,358559944.355924, 1.0620000e-09, 3.3248323e+01
2014-05-13T00:00:10.117508,358559944.372591, 1.0620000e-09, 3.3249543e+01
2014-05-13T00:00:10.134174,358559944.389258, 1.0620000e-09, 3.3250764e+01
2014-05-13T00:00:10.150841,358559944.405924, 1.0620000e-09, 3.3251985e+01
2014-05-13T00:00:10.167508,358559944.422591, 1.0620000e-09, 3.3253206e+01
2014-05-13T00:00:10.184174,358559944.439258, 1.0620000e-09, 3.3251985e+01
2014-05-13T00:00:10.200841,358559944.455924, 1.0620000e-09, 3.3251985e+01
2014-05-13T00:00:10.217508,358559944.472591, 1.0620000e-09, 3.3250764e+01
2014-05-13T00:00:10.234174,358559944.489258, 1.0620000e-09, 3.3249543e+01
2014-05-13T00:00:10.250841,358559944.505924, 1.0620000e-09, 3.3249543e+01
2014-05-13T00:00:10.267508,358559944.522591, 1.0620000e-09, 3.3248323e+01
2014-05-13T00:00:10.284174,358559944.539258, 1.0620000e-09, 3.3248323e+01
2014-05-13T00:00:10.300841,358559944.555924, 1.0620000e-09, 3.3247102e+01
2014-05-13T00:00:10.317508,358559944.572591, 1.0620000e-09, 3.3247102e+01
2014-05-13T00:00:10.334174,358559944.589258, 1.0620000e-09, 3.3245881e+01
2014-05-13T00:00:10.350841,358559944.605924, 1.0620000e-09, 3.3245881e+01
2014-05-13T00:00:10.367508,358559944.622591, 1.0620000e-09, 3.3244661e+01
2014-05-13T00:00:10.384174,358559944.639258, 1.0620000e-09, 3.3244661e+01
2014-05-13T00:00:10.400841,358559944.655924, 1.0620000e-09, 3.3244661e+01
2014-05-13T00:00:10.417508,358559944.672591, 1.0620000e-09, 3.3243440e+01
2014-05-13T00:00:10.434174,358559944.689258, 1.0620000e-09, 3.3243440e+01
2014-05-13T00:00:10.450841,358559944.705924, 1.0620000e-09, 3.3243440e+01
2014-05-13T00:00:10.467508,358559944.722591, 1.0620000e-09, 3.3243440e+01
2014-05-13T00:00:10.484174,358559944.739258, 1.0620000e-09, 3.3243440e+01
2014-05-13T00:00:10.500841,358559944.755924, 1.0620000e-09, 3.3243440e+01
2014-05-13T00:00:10.517508,358559944.772591, 1.0620000e-09, 3.3243440e+01
2014-05-13T00:00:10.534174,358559944.789258, 1.0620000e-09, 3.3244661e+01
2014-05-13T00:00:10.550841,358559944.805924, 1.0620000e-09, 3.3243440e+01
2014-05-13T00:00:10.567508,358559944.822591, 1.0620000e-09, 3.3242219e+01
2014-05-13T00:00:10.584174,358559944.839258, 1.0620000e-09, 3.3240999e+01
2014-05-13T00:00:10.600841,358559944.855924, 1.0620000e-09, 3.3243440e+01
2014-05-13T00:00:10.617508,358559944.872591, 1.0620000e-09, 3.3243440e+01
2014-05-13T00:00:10.634174,358559944.889258, 1.0620000e-09, 3.3242219e+01
2014-05-13T00:00:10.650841,358559944.905924, 1.0620000e-09, 3.3239778e+01
2014-05-13T00:00:10.667508,358559944.922591, 1.0620000e-09, 3.3238557e+01
2014-05-13T00:00:10.684175,358559944.939258, 1.0620000e-09, 3.3236116e+01
2014-05-13T00:00:10.700841,358559944.955924, 1.0620000e-09, 3.3234895e+01
2014-05-13T00:00:10.717508,358559944.972591, 1.0620000e-09, 3.3232454e+01
2014-05-13T00:00:10.734174,358559944.989258, 1.0620000e-09, 3.3232454e+01
2014-05-13T00:00:10.750841,358559945.005924, 1.0620000e-09, 3.3232454e+01
2014-05-13T00:00:10.767508,358559945.022591, 1.0620000e-09, 3.3231233e+01
2014-05-13T00:00:10.784174,358559945.039258, 1.0620000e-09, 3.3230012e+01
2014-05-13T00:00:10.800841,358559945.055924, 1.0620000e-09, 3.3227571e+01
2014-05-13T00:00:10.817508,358559945.072591, 1.0620000e-09, 3.3226350e+01
2014-05-13T00:00:10.834175,358559945.089258, 1.0620000e-09, 3.3225129e+01
2014-05-13T00:00:10.850841,358559945.105924, 1.0620000e-09, 3.3223909e+01
2014-05-13T00:00:10.867508,358559945.122591, 1.0620000e-09, 3.3222688e+01
2014-05-13T00:00:10.884175,358559945.139258, 1.0620000e-09, 3.3222688e+01
2014-05-13T00:00:10.900841,358559945.155924, 1.0620000e-09, 3.3222688e+01
2014-05-13T00:00:10.917508,358559945.172591, 1.0620000e-09, 3.3221467e+01
2014-05-13T00:00:10.934175,358559945.189258, 1.0620000e-09, 3.3221467e+01
2014-05-13T00:00:10.950841,358559945.205924, 1.0620000e-09, 3.3220247e+01
2014-05-13T00:00:10.967508,358559945.222591, 1.0620000e-09, 3.3219026e+01
2014-05-13T00:00:10.984174,358559945.239258, 1.0620000e-09, 3.3215364e+01
2014-05-13T00:00:11.000841,358559945.255924, 1.0620000e-09, 3.3216584e+01
2014-05-13T00:00:11.017508,358559945.272591, 1.0620000e-09, 3.3217805e+01
2014-05-13T00:00:11.034175,358559945.289258, 1.0620000e-09, 3.3217805e+01
2014-05-13T00:00:11.050841,358559945.305924, 1.0620000e-09, 3.3219026e+01
2014-05-13T00:00:11.067508,358559945.322591, 1.0620000e-09, 3.3220247e+01
2014-05-13T00:00:11.084175,358559945.339258, 1.0620000e-09, 3.3220247e+01
2014-05-13T00:00:11.100841,358559945.355924, 1.0620000e-09, 3.3220247e+01
2014-05-13T00:00:11.117508,358559945.372591, 1.0620000e-09, 3.3222688e+01
2014-05-13T00:00:11.134175,358559945.389258, 1.0620000e-09, 3.3223909e+01
2014-05-13T00:00:11.150841,358559945.405924, 1.0620000e-09, 3.3225129e+01
2014-05-13T00:00:11.167508,358559945.422591, 1.0620000e-09, 3.3226350e+01
2014-05-13T00:00:11.184175,358559945.439258, 1.0620000e-09, 3.3227571e+01
2014-05-13T00:00:11.200841,358559945.455924, 1.0620000e-09, 3.3228791e+01
2014-05-13T00:00:11.217508,358559945.472591, 1.0620000e-09, 3.3230012e+01
2014-05-13T00:00:11.234175,358559945.489258, 1.0620000e-09, 3.3230012e+01
2014-05-13T00:00:11.250841,358559945.505924, 1.0620000e-09, 3.3231233e+01
2014-05-13T00:00:11.267508,358559945.522591, 1.0620000e-09, 3.3232454e+01
2014-05-13T00:00:11.284175,358559945.539258, 1.0620000e-09, 3.3232454e+01
2014-05-13T00:00:11.300841,358559945.555924, 1.0620000e-09, 3.3233674e+01
2014-05-13T00:00:11.317508,358559945.572591, 1.0620000e-09, 3.3234895e+01
2014-05-13T00:00:11.334175,358559945.589258, 1.0620000e-09, 3.3234895e+01
2014-05-13T00:00:11.350841,358559945.605924, 1.0620000e-09, 3.3234895e+01
2014-05-13T00:00:11.367508,358559945.622591, 1.0620000e-09, 3.3234895e+01
2014-05-13T00:00:11.384175,358559945.639258, 1.0620000e-09, 3.3236116e+01
2014-05-13T00:00:11.400841,358559945.655924, 1.0620000e-09, 3.3237336e+01
2014-05-13T00:00:11.417508,358559945.672591, 1.0620000e-09, 3.3238557e+01
2014-05-13T00:00:11.434175,358559945.689258, 1.0620000e-09, 3.3240999e+01
2014-05-13T00:00:11.450841,358559945.705924, 1.0620000e-09, 3.3242219e+01
2014-05-13T00:00:11.467508,358559945.722591, 1.0620000e-09, 3.3243440e+01
2014-05-13T00:00:11.484175,358559945.739258, 1.0620000e-09, 3.3243440e+01
2014-05-13T00:00:11.500841,358559945.755924, 1.0620000e-09, 3.3244661e+01
2014-05-13T00:00:11.517508,358559945.772591, 1.0620000e-09, 3.3244661e+01
2014-05-13T00:00:11.534175,358559945.789258, 1.0620000e-09, 3.3244661e+01
2014-05-13T00:00:11.550842,358559945.805924, 1.0620000e-09, 3.3243440e+01
2014-05-13T00:00:11.567508,358559945.822591, 1.0620000e-09, 3.3245881e+01
2014-05-13T00:00:11.584175,358559945.839258, 1.0620000e-09, 3.3245881e+01
2014-05-13T00:00:11.600842,358559945.855924, 1.0620000e-09, 3.3243440e+01
2014-05-13T00:00:11.617508,358559945.872591, 1.0620000e-09, 3.3242219e+01
2014-05-13T00:00:11.634175,358559945.889258, 1.0620000e-09, 3.3239778e+01
2014-05-13T00:00:11.650841,358559945.905924, 1.0620000e-09, 3.3236116e+01
2014-05-13T00:00:11.667508,358559945.922591, 1.0620000e-09, 3.3234895e+01
2014-05-13T00:00:11.684175,358559945.939258, 1.0620000e-09, 3.3233674e+01
2014-05-13T00:00:11.700841,358559945.955924, 1.0620000e-09, 3.3232454e+01
2014-05-13T00:00:11.717508,358559945.972591, 1.0620000e-09, 3.3231233e+01
2014-05-13T00:00:11.734175,358559945.989258, 1.0620000e-09, 3.3228791e+01
2014-05-13T00:00:11.750842,358559946.005924, 1.0620000e-09, 3.3226350e+01
2014-05-13T00:00:11.767508,358559946.022591, 1.0620000e-09, 3.3225129e+01
2014-05-13T00:00:11.784175,358559946.039258, 1.0620000e-09, 3.3225129e+01
2014-05-13T00:00:11.800842,358559946.055924, 1.0620000e-09, 3.3223909e+01
2014-05-13T00:00:11.817508,358559946.072591, 1.0620000e-09, 3.3223909e+01
2014-05-13T00:00:11.834175,358559946.089258, 1.0620000e-09, 3.3223909e+01
2014-05-13T00:00:11.850842,358559946.105924, 1.0620000e-09, 3.3223909e+01
2014-05-13T00:00:11.867508,358559946.122591, 1.0620000e-09, 3.3223909e+01
2014-05-13T00:00:11.884175,358559946.139258, 1.0620000e-09, 3.3225129e+01
2014-05-13T00:00:11.900842,358559946.155924, 1.0620000e-09, 3.3225129e+01
2014-05-13T00:00:11.917508,358559946.172591, 1.0620000e-09, 3.3223909e+01
2014-05-13T00:00:11.934175,358559946.189258, 1.0620000e-09, 3.3222688e+01
2014-05-13T00:00:11.950842,358559946.205924, 1.0620000e-09, 3.3219026e+01
2014-05-13T00:00:11.967508,358559946.222591, 1.0620000e-09, 3.3221467e+01
2014-05-13T00:00:11.984175,358559946.239258, 1.0620000e-09, 3.3221467e+01
2014-05-13T00:00:12.000842,358559946.255924, 1.0620000e-09, 3.3221467e+01
2014-05-13T00:00:12.017508,358559946.272591, 1.0620000e-09, 3.3222688e+01
2014-05-13T00:00:12.034175,358559946.289258, 1.0620000e-09, 3.3222688e+01
2014-05-13T00:00:12.050842,358559946.305924, 1.0620000e-09, 3.3223909e+01
2014-05-13T00:00:12.067508,358559946.322591, 1.0620000e-09, 3.3223909e+01
2014-05-13T00:00:12.084175,358559946.339258, 1.0620000e-09, 3.3225129e+01
2014-05-13T00:00:12.100842,358559946.355924, 1.0620000e-09, 3.3225129e+01
2014-05-13T00:00:12.117508,358559946.372591, 1.0620000e-09, 3.3225129e+01
2014-05-13T00:00:12.134175,358559946.389258, 1.0620000e-09, 3.3225129e+01
2014-05-13T00:00:12.150842,358559946.405924, 1.0620000e-09, 3.3227571e+01
2014-05-13T00:00:12.167508,358559946.422591, 1.0620000e-09, 3.3227571e+01
2014-05-13T00:00:12.184175,358559946.439258, 1.0620000e-09, 3.3228791e+01
2014-05-13T00:00:12.200842,358559946.455924, 1.0620000e-09, 3.3230012e+01
2014-05-13T00:00:12.217508,358559946.472591, 1.0620000e-09, 3.3230012e+01
2014-05-13T00:00:12.234175,358559946.489258, 1.0620000e-09, 3.3230012e+01
2014-05-13T00:00:12.250842,358559946.505924, 1.0620000e-09, 3.3231233e+01
2014-05-13T00:00:12.267509,358559946.522591, 1.0620000e-09, 3.3231233e+01
2014-05-13T00:00:12.284175,358559946.539258, 1.0620000e-09, 3.3231233e+01
2014-05-13T00:00:12.300842,358559946.555924, 1.0620000e-09, 3.3232454e+01
2014-05-13T00:00:12.317508,358559946.572591, 1.0620000e-09, 3.3232454e+01
2014-05-13T00:00:12.334175,358559946.589258, 1.0620000e-09, 3.3232454e+01
2014-05-13T00:00:12.350842,358559946.605924, 1.0620000e-09, 3.3232454e+01
2014-05-13T00:00:12.367508,358559946.622591, 1.0620000e-09, 3.3232454e+01
2014-05-13T00:00:12.384175,358559946.639258, 1.0620000e-09, 3.3232454e+01
2014-05-13T00:00:12.400842,358559946.655924, 1.0620000e-09, 3.3232454e+01
2014-05-13T00:00:12.417508,358559946.672591, 1.0620000e-09, 3.3233674e+01
2014-05-13T00:00:12.434175,358559946.689258, 1.0620000e-09, 3.3233674e+01
2014-05-13T00:00:12.450842,358559946.705924, 1.0620000e-09, 3.3234895e+01
2014-05-13T00:00:12.467509,358559946.722591, 1.0620000e-09, 3.3233674e+01
2014-05-13T00:00:12.484175,358559946.739258, 1.0620000e-09, 3.3233674e+01
2014-05-13T00:00:12.500842,358559946.755924, 1.0620000e-09, 3.3232454e+01
2014-05-13T00:00:12.517509,358559946.772591, 1.0620000e-09, 3.3232454e+01
2014-05-13T00:00:12.534175,358559946.789258, 1.0620000e-09, 3.3233674e+01
2014-05-13T00:00:12.550842,358559946.805924, 1.0620000e-09, 3.3232454e+01
2014-05-13T00:00:12.567508,358559946.822591, 1.0620000e-09, 3.3231233e+01
2014-05-13T00:00:12.584175,358559946.839258, 1.0620000e-09, 3.3230012e+01
2014-05-13T00:00:12.600842,358559946.855924, 1.0620000e-09, 3.3228791e+01
2014-05-13T00:00:12.617508,358559946.872591, 1.0620000e-09, 3.3227571e+01
2014-05-13T00:00:12.634175,358559946.889258, 1.0620000e-09, 3.3227571e+01
2014-05-13T00:00:12.650842,358559946.905924, 1.0620000e-09, 3.3226350e+01
2014-05-13T00:00:12.667509,358559946.922591, 1.0620000e-09, 3.3225129e+01
2014-05-13T00:00:12.684175,358559946.939258, 1.0620000e-09, 3.3223909e+01
2014-05-13T00:00:12.700842,358559946.955924, 1.0620000e-09, 3.3222688e+01
2014-05-13T00:00:12.717509,358559946.972591, 1.0620000e-09, 3.3221467e+01
2014-05-13T00:00:12.734175,358559946.989258, 1.0620000e-09, 3.3221467e+01
2014-05-13T00:00:12.750842,358559947.005924, 1.0620000e-09, 3.3221467e+01
2014-05-13T00:00:12.767509,358559947.022591, 1.0620000e-09, 3.3221467e+01
2014-05-13T00:00:12.784175,358559947.039258, 1.0620000e-09, 3.3220247e+01
2014-05-13T00:00:12.800842,358559947.055924, 1.0620000e-09, 3.3219026e+01
2014-05-13T00:00:12.817508,358559947.072591, 1.0620000e-09, 3.3217805e+01
2014-05-13T00:00:12.834175,358559947.089258, 1.0620000e-09, 3.3216584e+01
2014-05-13T00:00:12.850842,358559947.105924, 1.0620000e-09, 3.3215364e+01
2014-05-13T00:00:12.867509,358559947.122591, 1.0620000e-09, 3.3216584e+01
2014-05-13T00:00:12.884175,358559947.139258, 1.0620000e-09, 3.3216584e+01
2014-05-13T00:00:12.900842,358559947.155924, 1.0620000e-09, 3.3215364e+01
2014-05-13T00:00:12.917509,358559947.172591, 1.0620000e-09, 3.3214143e+01
2014-05-13T00:00:12.934175,358559947.189258, 1.0620000e-09, 3.3215364e+01
2014-05-13T00:00:12.950842,358559947.205924, 1.0620000e-09, 3.3215364e+01
2014-05-13T00:00:12.967509,358559947.222591, 1.0620000e-09, 3.3216584e+01
2014-05-13T00:00:12.984175,358559947.239258, 1.0620000e-09, 3.3217805e+01
2014-05-13T00:00:13.000842,358559947.255924, 1.0620000e-09, 3.3219026e+01
2014-05-13T00:00:13.017509,358559947.272591, 1.0620000e-09, 3.3220247e+01
2014-05-13T00:00:13.034175,358559947.289258, 1.0620000e-09, 3.3220247e+01
2014-05-13T00:00:13.050842,358559947.305924, 1.0620000e-09, 3.3220247e+01
2014-05-13T00:00:13.067509,358559947.322591, 1.0620000e-09, 3.3219026e+01
2014-05-13T00:00:13.084175,358559947.339258, 1.0620000e-09, 3.3217805e+01
2014-05-13T00:00:13.100842,358559947.355924, 1.0620000e-09, 3.3217805e+01
2014-05-13T00:00:13.117509,358559947.372591, 1.0620000e-09, 3.3217805e+01
2014-05-13T00:00:13.134175,358559947.389258, 1.0620000e-09, 3.3219026e+01
2014-05-13T00:00:13.150842,358559947.405924, 1.0620000e-09, 3.3219026e+01
2014-05-13T00:00:13.167509,358559947.422591, 1.0620000e-09, 3.3219026e+01
2014-05-13T00:00:13.184175,358559947.439258, 1.0620000e-09, 3.3219026e+01
2014-05-13T00:00:13.200842,358559947.455924, 1.0620000e-09, 3.3217805e+01
2014-05-13T00:00:13.217509,358559947.472591, 1.0620000e-09, 3.3217805e+01
2014-05-13T00:00:13.234175,358559947.489258, 1.0620000e-09, 3.3219026e+01
2014-05-13T00:00:13.250842,358559947.505924, 1.0620000e-09, 3.3217805e+01
2014-05-13T00:00:13.267509,358559947.522591, 1.0620000e-09, 3.3217805e+01
2014-05-13T00:00:13.284175,358559947.539258, 1.0620000e-09, 3.3217805e+01
2014-05-13T00:00:13.300842,358559947.555924, 1.0620000e-09, 3.3217805e+01
2014-05-13T00:00:13.317509,358559947.572591, 1.0620000e-09, 3.3217805e+01
2014-05-13T00:00:13.334175,358559947.589258, 1.0620000e-09, 3.3217805e+01
2014-05-13T00:00:13.350842,358559947.605924, 1.0620000e-09, 3.3216584e+01
2014-05-13T00:00:13.367509,358559947.622591, 1.0620000e-09, 3.3217805e+01
2014-05-13T00:00:13.384175,358559947.639258, 1.0620000e-09, 3.3217805e+01
2014-05-13T00:00:13.400842,358559947.655924, 1.0620000e-09, 3.3217805e+01
2014-05-13T00:00:13.417509,358559947.672591, 1.0620000e-09, 3.3219026e+01
2014-05-13T00:00:13.434175,358559947.689258, 1.0620000e-09, 3.3219026e+01
2014-05-13T00:00:13.450842,358559947.705924, 1.0620000e-09, 3.3219026e+01
2014-05-13T00:00:13.467509,358559947.722591, 1.0620000e-09, 3.3219026e+01
2014-05-13T00:00:13.484175,358559947.739258, 1.0620000e-09, 3.3219026e+01
2014-05-13T00:00:13.500842,358559947.755924, 1.0620000e-09, 3.3220247e+01
2014-05-13T00:00:13.517509,358559947.772591, 1.0620000e-09, 3.3217805e+01
2014-05-13T00:00:13.534175,358559947.789258, 1.0620000e-09, 3.3216584e+01
2014-05-13T00:00:13.550842,358559947.805924, 1.0620000e-09, 3.3215364e+01
2014-05-13T00:00:13.567509,358559947.822591, 1.0620000e-09, 3.3214143e+01
2014-05-13T00:00:13.584176,358559947.839258, 1.0620000e-09, 3.3212922e+01
2014-05-13T00:00:13.600842,358559947.855924, 1.0620000e-09, 3.3212922e+01
2014-05-13T00:00:13.617509,358559947.872591, 1.0620000e-09, 3.3211702e+01
2014-05-13T00:00:13.634176,358559947.889258, 1.0620000e-09, 3.3212922e+01
2014-05-13T00:00:13.650842,358559947.905924, 1.0620000e-09, 3.3211702e+01
2014-05-13T00:00:13.667509,358559947.922591, 1.0620000e-09, 3.3210481e+01
2014-05-13T00:00:13.684175,358559947.939258, 1.0620000e-09, 3.3209260e+01
2014-05-13T00:00:13.700842,358559947.955924, 1.0620000e-09, 3.3209260e+01
2014-05-13T00:00:13.717509,358559947.972591, 1.0620000e-09, 3.3209260e+01
2014-05-13T00:00:13.734175,358559947.989258, 1.0620000e-09, 3.3209260e+01
2014-05-13T00:00:13.750842,358559948.005924, 1.0620000e-09, 3.3209260e+01
2014-05-13T00:00:13.767509,358559948.022591, 1.0620000e-09, 3.3208039e+01
2014-05-13T00:00:13.784176,358559948.039258, 1.0620000e-09, 3.3208039e+01
2014-05-13T00:00:13.800842,358559948.055924, 1.0620000e-09, 3.3206819e+01
2014-05-13T00:00:13.817509,358559948.072591, 1.0620000e-09, 3.3206819e+01
2014-05-13T00:00:13.834176,358559948.089258, 1.0620000e-09, 3.3206819e+01
2014-05-13T00:00:13.850842,358559948.105924, 1.0620000e-09, 3.3208039e+01
2014-05-13T00:00:13.867509,358559948.122591, 1.0620000e-09, 3.3206819e+01
2014-05-13T00:00:13.884176,358559948.139258, 1.0620000e-09, 3.3206819e+01
2014-05-13T00:00:13.900842,358559948.155924, 1.0620000e-09, 3.3209260e+01
2014-05-13T00:00:13.917509,358559948.172591, 1.0620000e-09, 3.3209260e+01
2014-05-13T00:00:13.934176,358559948.189258, 1.0620000e-09, 3.3210481e+01
2014-05-13T00:00:13.950842,358559948.205924, 1.0620000e-09, 3.3211702e+01
2014-05-13T00:00:13.967509,358559948.222591, 1.0620000e-09, 3.3212922e+01
2014-05-13T00:00:13.984176,358559948.239258, 1.0620000e-09, 3.3214143e+01
2014-05-13T00:00:14.000842,358559948.255924, 1.0620000e-09, 3.3215364e+01
2014-05-13T00:00:14.017509,358559948.272591, 1.0620000e-09, 3.3215364e+01
2014-05-13T00:00:14.034176,358559948.289258, 1.0620000e-09, 3.3215364e+01
2014-05-13T00:00:14.050842,358559948.305924, 1.0620000e-09, 3.3214143e+01
2014-05-13T00:00:14.067509,358559948.322591, 1.0620000e-09, 3.3214143e+01
2014-05-13T00:00:14.084176,358559948.339258, 1.0620000e-09, 3.3214143e+01
2014-05-13T00:00:14.100842,358559948.355924, 1.0620000e-09, 3.3214143e+01
2014-05-13T00:00:14.117509,358559948.372591, 1.0620000e-09, 3.3214143e+01
2014-05-13T00:00:14.134176,358559948.389258, 1.0620000e-09, 3.3215364e+01
2014-05-13T00:00:14.150842,358559948.405924, 1.0620000e-09, 3.3215364e+01
2014-05-13T00:00:14.167509,358559948.422591, 1.0620000e-09, 3.3214143e+01
2014-05-13T00:00:14.184176,358559948.439258, 1.0620000e-09, 3.3214143e+01
2014-05-13T00:00:14.200842,358559948.455924, 1.0620000e-09, 3.3214143e+01
2014-05-13T00:00:14.217509,358559948.472591, 1.0620000e-09, 3.3214143e+01
2014-05-13T00:00:14.234176,358559948.489258, 1.0620000e-09, 3.3215364e+01
2014-05-13T00:00:14.250842,358559948.505924, 1.0620000e-09, 3.3216584e+01
2014-05-13T00:00:14.267509,358559948.522591, 1.0620000e-09, 3.3217805e+01
2014-05-13T00:00:14.284176,358559948.539258, 1.0620000e-09, 3.3217805e+01
2014-05-13T00:00:14.300843,358559948.555924, 1.0620000e-09, 3.3219026e+01
2014-05-13T00:00:14.317509,358559948.572591, 1.0620000e-09, 3.3220247e+01
2014-05-13T00:00:14.334176,358559948.589258, 1.0620000e-09, 3.3220247e+01
2014-05-13T00:00:14.350842,358559948.605924, 1.0620000e-09, 3.3220247e+01
2014-05-13T00:00:14.367509,358559948.622591, 1.0620000e-09, 3.3221467e+01
2014-05-13T00:00:14.384176,358559948.639258, 1.0620000e-09, 3.3221467e+01
2014-05-13T00:00:14.400842,358559948.655924, 1.0620000e-09, 3.3221467e+01
2014-05-13T00:00:14.417509,358559948.672591, 1.0620000e-09, 3.3221467e+01
2014-05-13T00:00:14.434176,358559948.689258, 1.0620000e-09, 3.3221467e+01
2014-05-13T00:00:14.450842,358559948.705924, 1.0620000e-09, 3.3222688e+01
2014-05-13T00:00:14.467509,358559948.722591, 1.0620000e-09, 3.3222688e+01
2014-05-13T00:00:14.484176,358559948.739258, 1.0620000e-09, 3.3221467e+01
2014-05-13T00:00:14.500843,358559948.755924, 1.0620000e-09, 3.3221467e+01
2014-05-13T00:00:14.517509,358559948.772591, 1.0620000e-09, 3.3221467e+01
2014-05-13T00:00:14.534176,358559948.789258, 1.0620000e-09, 3.3221467e+01
2014-05-13T00:00:14.550843,358559948.805924, 1.0620000e-09, 3.3221467e+01
2014-05-13T00:00:14.567509,358559948.822591, 1.0620000e-09, 3.3221467e+01
2014-05-13T00:00:14.584176,358559948.839258, 1.0620000e-09, 3.3221467e+01
2014-05-13T00:00:14.600842,358559948.855924, 1.0620000e-09, 3.3222688e+01
2014-05-13T00:00:14.617509,358559948.872591, 1.0620000e-09, 3.3221467e+01
2014-05-13T00:00:14.634176,358559948.889258, 1.0620000e-09, 3.3220247e+01
2014-05-13T00:00:14.650843,358559948.905924, 1.0620000e-09, 3.3219026e+01
2014-05-13T00:00:14.667509,358559948.922591, 1.0620000e-09, 3.3217805e+01
2014-05-13T00:00:14.684176,358559948.939258, 1.0620000e-09, 3.3217805e+01
2014-05-13T00:00:14.700843,358559948.955924, 1.0620000e-09, 3.3217805e+01
2014-05-13T00:00:14.717509,358559948.972591, 1.0620000e-09, 3.3215364e+01
2014-05-13T00:00:14.734176,358559948.989258, 1.0620000e-09, 3.3215364e+01
2014-05-13T00:00:14.750843,358559949.005924, 1.0620000e-09, 3.3215364e+01
2014-05-13T00:00:14.767509,358559949.022591, 1.0620000e-09, 3.3215364e+01
2014-05-13T00:00:14.784176,358559949.039258, 1.0620000e-09, 3.3214143e+01
2014-05-13T00:00:14.800843,358559949.055924, 1.0620000e-09, 3.3211702e+01
2014-05-13T00:00:14.817509,358559949.072591, 1.0620000e-09, 3.3210481e+01
2014-05-13T00:00:14.834176,358559949.089258, 1.0620000e-09, 3.3208039e+01
2014-05-13T00:00:14.850843,358559949.105924, 1.0620000e-09, 3.3206819e+01
2014-05-13T00:00:14.867509,358559949.122591, 1.0620000e-09, 3.3208039e+01
2014-05-13T00:00:14.884176,358559949.139258, 1.0620000e-09, 3.3208039e+01
2014-05-13T00:00:14.900843,358559949.155924, 1.0620000e-09, 3.3209260e+01
2014-05-13T00:00:14.917509,358559949.172591, 1.0620000e-09, 3.3209260e+01
2014-05-13T00:00:14.934176,358559949.189258, 1.0620000e-09, 3.3210481e+01
2014-05-13T00:00:14.950843,358559949.205924, 1.0620000e-09, 3.3210481e+01
2014-05-13T00:00:14.967509,358559949.222591, 1.0620000e-09, 3.3212922e+01
2014-05-13T00:00:14.984176,358559949.239258, 1.0620000e-09, 3.3214143e+01
2014-05-13T00:00:15.000843,358559949.255924, 1.0620000e-09, 3.3215364e+01
2014-05-13T00:00:15.017509,358559949.272591, 1.0620000e-09, 3.3215364e+01
2014-05-13T00:00:15.034176,358559949.289258, 1.0620000e-09, 3.3215364e+01
2014-05-13T00:00:15.050843,358559949.305924, 1.0620000e-09, 3.3216584e+01
2014-05-13T00:00:15.067509,358559949.322591, 1.0620000e-09, 3.3216584e+01
2014-05-13T00:00:15.084176,358559949.339258, 1.0620000e-09, 3.3217805e+01
2014-05-13T00:00:15.100843,358559949.355924, 1.0620000e-09, 3.3219026e+01
2014-05-13T00:00:15.117509,358559949.372591, 1.0620000e-09, 3.3219026e+01
2014-05-13T00:00:15.134176,358559949.389258, 1.0620000e-09, 3.3220247e+01
2014-05-13T00:00:15.150843,358559949.405924, 1.0620000e-09, 3.3221467e+01
2014-05-13T00:00:15.167509,358559949.422591, 1.0620000e-09, 3.3221467e+01
2014-05-13T00:00:15.184176,358559949.439258, 1.0620000e-09, 3.3221467e+01
2014-05-13T00:00:15.200843,358559949.455924, 1.0620000e-09, 3.3220247e+01
2014-05-13T00:00:15.217510,358559949.472591, 1.0620000e-09, 3.3221467e+01
2014-05-13T00:00:15.234176,358559949.489258, 1.0620000e-09, 3.3221467e+01
2014-05-13T00:00:15.250843,358559949.505924, 1.0620000e-09, 3.3222688e+01
2014-05-13T00:00:15.267509,358559949.522591, 1.0620000e-09, 3.3222688e+01
2014-05-13T00:00:15.284176,358559949.539258, 1.0620000e-09, 3.3222688e+01
2014-05-13T00:00:15.300843,358559949.555924, 1.0620000e-09, 3.3223909e+01
2014-05-13T00:00:15.317509,358559949.572591, 1.0620000e-09, 3.3223909e+01
2014-05-13T00:00:15.334176,358559949.589258, 1.0620000e-09, 3.3222688e+01
2014-05-13T00:00:15.350843,358559949.605924, 1.0620000e-09, 3.3223909e+01
2014-05-13T00:00:15.367509,358559949.622591, 1.0620000e-09, 3.3223909e+01
2014-05-13T00:00:15.384176,358559949.639258, 1.0620000e-09, 3.3223909e+01
2014-05-13T00:00:15.400843,358559949.655924, 1.0620000e-09, 3.3223909e+01
2014-05-13T00:00:15.417510,358559949.672591, 1.0620000e-09, 3.3223909e+01
2014-05-13T00:00:15.434176,358559949.689258, 1.0620000e-09, 3.3225129e+01
2014-05-13T00:00:15.450843,358559949.705924, 1.0620000e-09, 3.3225129e+01
2014-05-13T00:00:15.467510,358559949.722591, 1.0620000e-09, 3.3222688e+01
2014-05-13T00:00:15.484176,358559949.739258, 1.0620000e-09, 3.3222688e+01
2014-05-13T00:00:15.500843,358559949.755924, 1.0620000e-09, 3.3221467e+01
2014-05-13T00:00:15.517509,358559949.772591, 1.0620000e-09, 3.3221467e+01
2014-05-13T00:00:15.534176,358559949.789258, 1.0620000e-09, 3.3221467e+01
2014-05-13T00:00:15.550843,358559949.805924, 1.0620000e-09, 3.3221467e+01
2014-05-13T00:00:15.567509,358559949.822591, 1.0620000e-09, 3.3221467e+01
2014-05-13T00:00:15.584176,358559949.839258, 1.0620000e-09, 3.3221467e+01
2014-05-13T00:00:15.600843,358559949.855924, 1.0620000e-09, 3.3220247e+01
2014-05-13T00:00:15.617510,358559949.872591, 1.0620000e-09, 3.3220247e+01
2014-05-13T00:00:15.634176,358559949.889258, 1.0620000e-09, 3.3220247e+01
2014-05-13T00:00:15.650843,358559949.905924, 1.0620000e-09, 3.3220247e+01
2014-05-13T00:00:15.667510,358559949.922591, 1.0620000e-09, 3.3219026e+01
2014-05-13T00:00:15.684176,358559949.939258, 1.0620000e-09, 3.3221467e+01
2014-05-13T00:00:15.700843,358559949.955924, 1.0620000e-09, 3.3221467e+01
2014-05-13T00:00:15.717510,358559949.972591, 1.0620000e-09, 3.3221467e+01
2014-05-13T00:00:15.734176,358559949.989258, 1.0620000e-09, 3.3221467e+01
2014-05-13T00:00:15.750843,358559950.005924, 1.0620000e-09, 3.3221467e+01
2014-05-13T00:00:15.767510,358559950.022591, 1.0620000e-09, 3.3221467e+01
2014-05-13T00:00:15.784176,358559950.039258, 1.0620000e-09, 3.3220247e+01
2014-05-13T00:00:15.800843,358559950.055924, 1.0620000e-09, 3.3220247e+01
2014-05-13T00:00:15.817510,358559950.072591, 1.0620000e-09, 3.3219026e+01
2014-05-13T00:00:15.834176,358559950.089258, 1.0620000e-09, 3.3221467e+01
2014-05-13T00:00:15.850843,358559950.105924, 1.0620000e-09, 3.3222688e+01
2014-05-13T00:00:15.867510,358559950.122591, 1.0620000e-09, 3.3223909e+01
2014-05-13T00:00:15.884176,358559950.139258, 1.0620000e-09, 3.3223909e+01
2014-05-13T00:00:15.900843,358559950.155924, 1.0620000e-09, 3.3223909e+01
2014-05-13T00:00:15.917510,358559950.172591, 1.0620000e-09, 3.3223909e+01
2014-05-13T00:00:15.934176,358559950.189258, 1.0620000e-09, 3.3226350e+01
2014-05-13T00:00:15.950843,358559950.205924, 1.0620000e-09, 3.3227571e+01
2014-05-13T00:00:15.967510,358559950.222591, 1.0620000e-09, 3.3227571e+01
2014-05-13T00:00:15.984176,358559950.239258, 1.0620000e-09, 3.3228791e+01
2014-05-13T00:00:16.000843,358559950.255924, 1.0620000e-09, 3.3228791e+01
2014-05-13T00:00:16.017510,358559950.272591, 1.0620000e-09, 3.3228791e+01
2014-05-13T00:00:16.034176,358559950.289258, 1.0620000e-09, 3.3228791e+01
2014-05-13T00:00:16.050843,358559950.305924, 1.0620000e-09, 3.3228791e+01
2014-05-13T00:00:16.067510,358559950.322591, 1.0620000e-09, 3.3228791e+01
2014-05-13T00:00:16.084176,358559950.339258, 1.0620000e-09, 3.3228791e+01
2014-05-13T00:00:16.100843,358559950.355924, 1.0620000e-09, 3.3230012e+01
2014-05-13T00:00:16.117510,358559950.372591, 1.0620000e-09, 3.3230012e+01
2014-05-13T00:00:16.134176,358559950.389258, 1.0620000e-09, 3.3228791e+01
2014-05-13T00:00:16.150843,358559950.405924, 1.0620000e-09, 3.3227571e+01
2014-05-13T00:00:16.167510,358559950.422591, 1.0620000e-09, 3.3226350e+01
2014-05-13T00:00:16.184176,358559950.439258, 1.0620000e-09, 3.3226350e+01
2014-05-13T00:00:16.200843,358559950.455924, 1.0620000e-09, 3.3225129e+01
2014-05-13T00:00:16.217510,358559950.472591, 1.0620000e-09, 3.3225129e+01
2014-05-13T00:00:16.234176,358559950.489258, 1.0620000e-09, 3.3225129e+01
2014-05-13T00:00:16.250843,358559950.505924, 1.0620000e-09, 3.3223909e+01
2014-05-13T00:00:16.267510,358559950.522591, 1.0620000e-09, 3.3223909e+01
2014-05-13T00:00:16.284176,358559950.539258, 1.0620000e-09, 3.3223909e+01
2014-05-13T00:00:16.300843,358559950.555924, 1.0620000e-09, 3.3222688e+01
2014-05-13T00:00:16.317510,358559950.572591, 1.0620000e-09, 3.3222688e+01
2014-05-13T00:00:16.334177,358559950.589258, 1.0620000e-09, 3.3221467e+01
2014-05-13T00:00:16.350843,358559950.605924, 1.0620000e-09, 3.3221467e+01
2014-05-13T00:00:16.367510,358559950.622591, 1.0620000e-09, 3.3221467e+01
2014-05-13T00:00:16.384176,358559950.639258, 1.0620000e-09, 3.3221467e+01
2014-05-13T00:00:16.400843,358559950.655924, 1.0620000e-09, 3.3222688e+01
2014-05-13T00:00:16.417510,358559950.672591, 1.0620000e-09, 3.3222688e+01
2014-05-13T00:00:16.434176,358559950.689258, 1.0620000e-09, 3.3221467e+01
2014-05-13T00:00:16.450843,358559950.705924, 1.0620000e-09, 3.3219026e+01
2014-05-13T00:00:16.467510,358559950.722591, 1.0620000e-09, 3.3219026e+01
2014-05-13T00:00:16.484177,358559950.739258, 1.0620000e-09, 3.3219026e+01
2014-05-13T00:00:16.500843,358559950.755924, 1.0620000e-09, 3.3219026e+01
2014-05-13T00:00:16.517510,358559950.772591, 1.0620000e-09, 3.3217805e+01
2014-05-13T00:00:16.534177,358559950.789258, 1.0620000e-09, 3.3219026e+01
2014-05-13T00:00:16.550843,358559950.805924, 1.0620000e-09, 3.3219026e+01
2014-05-13T00:00:16.567510,358559950.822591, 1.0620000e-09, 3.3216584e+01
2014-05-13T00:00:16.584177,358559950.839258, 1.0620000e-09, 3.3215364e+01
2014-05-13T00:00:16.600843,358559950.855924, 1.0620000e-09, 3.3215364e+01
2014-05-13T00:00:16.617510,358559950.872591, 1.0620000e-09, 3.3214143e+01
2014-05-13T00:00:16.634176,358559950.889258, 1.0620000e-09, 3.3212922e+01
2014-05-13T00:00:16.650843,358559950.905924, 1.0620000e-09, 3.3212922e+01
2014-05-13T00:00:16.667510,358559950.922591, 1.0620000e-09, 3.3212922e+01
2014-05-13T00:00:16.684177,358559950.939258, 1.0620000e-09, 3.3211702e+01
2014-05-13T00:00:16.700843,358559950.955924, 1.0620000e-09, 3.3210481e+01
2014-05-13T00:00:16.717510,358559950.972591, 1.0620000e-09, 3.3210481e+01
2014-05-13T00:00:16.734177,358559950.989258, 1.0620000e-09, 3.3210481e+01
2014-05-13T00:00:16.750843,358559951.005924, 1.0620000e-09, 3.3209260e+01
2014-05-13T00:00:16.767510,358559951.022591, 1.0620000e-09, 3.3208039e+01
2014-05-13T00:00:16.784177,358559951.039258, 1.0620000e-09, 3.3206819e+01
2014-05-13T00:00:16.800843,358559951.055924, 1.0620000e-09, 3.3209260e+01
2014-05-13T00:00:16.817510,358559951.072591, 1.0620000e-09, 3.3210481e+01
2014-05-13T00:00:16.834177,358559951.089258, 1.0620000e-09, 3.3211702e+01
2014-05-13T00:00:16.850843,358559951.105924, 1.0620000e-09, 3.3212922e+01
2014-05-13T00:00:16.867510,358559951.122591, 1.0620000e-09, 3.3212922e+01
2014-05-13T00:00:16.884177,358559951.139258, 1.0620000e-09, 3.3214143e+01
2014-05-13T00:00:16.900843,358559951.155924, 1.0620000e-09, 3.3215364e+01
2014-05-13T00:00:16.917510,358559951.172591, 1.0620000e-09, 3.3214143e+01
2014-05-13T00:00:16.934177,358559951.189258, 1.0620000e-09, 3.3215364e+01
2014-05-13T00:00:16.950843,358559951.205924, 1.0620000e-09, 3.3215364e+01
2014-05-13T00:00:16.967510,358559951.222591, 1.0620000e-09, 3.3216584e+01
2014-05-13T00:00:16.984177,358559951.239258, 1.0620000e-09, 3.3216584e+01
2014-05-13T00:00:17.000843,358559951.255924, 1.0620000e-09, 3.3216584e+01
2014-05-13T00:00:17.017510,358559951.272591, 1.0620000e-09, 3.3216584e+01
2014-05-13T00:00:17.034177,358559951.289258, 1.0620000e-09, 3.3216584e+01
2014-05-13T00:00:17.050843,358559951.305924, 1.0620000e-09, 3.3215364e+01
2014-05-13T00:00:17.067510,358559951.322591, 1.0620000e-09, 3.3216584e+01
2014-05-13T00:00:17.084177,358559951.339258, 1.0620000e-09, 3.3216584e+01
2014-05-13T00:00:17.100843,358559951.355924, 1.0620000e-09, 3.3216584e+01
2014-05-13T00:00:17.117510,358559951.372591, 1.0620000e-09, 3.3216584e+01
2014-05-13T00:00:17.134177,358559951.389258, 1.0620000e-09, 3.3216584e+01
2014-05-13T00:00:17.150843,358559951.405924, 1.0620000e-09, 3.3216584e+01
2014-05-13T00:00:17.167510,358559951.422591, 1.0620000e-09, 3.3216584e+01
2014-05-13T00:00:17.184177,358559951.439258, 1.0620000e-09, 3.3216584e+01
2014-05-13T00:00:17.200843,358559951.455924, 1.0620000e-09, 3.3215364e+01
2014-05-13T00:00:17.217510,358559951.472591, 1.0620000e-09, 3.3216584e+01
2014-05-13T00:00:17.234177,358559951.489258, 1.0620000e-09, 3.3216584e+01
2014-05-13T00:00:17.250844,358559951.505924, 1.0620000e-09, 3.3216584e+01
2014-05-13T00:00:17.267510,358559951.522591, 1.0620000e-09, 3.3217805e+01
2014-05-13T00:00:17.284177,358559951.539258, 1.0620000e-09, 3.3217805e+01
2014-05-13T00:00:17.300843,358559951.555924, 1.0620000e-09, 3.3216584e+01
2014-05-13T00:00:17.317510,358559951.572591, 1.0620000e-09, 3.3216584e+01
2014-05-13T00:00:17.334177,358559951.589258, 1.0620000e-09, 3.3215364e+01
2014-05-13T00:00:17.350843,358559951.605924, 1.0620000e-09, 3.3216584e+01
2014-05-13T00:00:17.367510,358559951.622591, 1.0620000e-09, 3.3219026e+01
2014-05-13T00:00:17.384177,358559951.639258, 1.0620000e-09, 3.3219026e+01
2014-05-13T00:00:17.400844,358559951.655924, 1.0620000e-09, 3.3217805e+01
2014-05-13T00:00:17.417510,358559951.672591, 1.0620000e-09, 3.3216584e+01
2014-05-13T00:00:17.434177,358559951.689258, 1.0620000e-09, 3.3214143e+01
2014-05-13T00:00:17.450844,358559951.705924, 1.0620000e-09, 3.3211702e+01
2014-05-13T00:00:17.467510,358559951.722591, 1.0620000e-09, 3.3210481e+01
2014-05-13T00:00:17.484177,358559951.739258, 1.0620000e-09, 3.3209260e+01
2014-05-13T00:00:17.500844,358559951.755924, 1.0620000e-09, 3.3209260e+01
2014-05-13T00:00:17.517510,358559951.772591, 1.0620000e-09, 3.3208039e+01
2014-05-13T00:00:17.534177,358559951.789258, 1.0620000e-09, 3.3206819e+01
2014-05-13T00:00:17.550843,358559951.805924, 1.0620000e-09, 3.3205598e+01
2014-05-13T00:00:17.567510,358559951.822591, 1.0620000e-09, 3.3203157e+01
2014-05-13T00:00:17.584177,358559951.839258, 1.0620000e-09, 3.3201936e+01
2014-05-13T00:00:17.600844,358559951.855924, 1.0620000e-09, 3.3200715e+01
2014-05-13T00:00:17.617510,358559951.872591, 1.0620000e-09, 3.3200715e+01
2014-05-13T00:00:17.634177,358559951.889258, 1.0620000e-09, 3.3199495e+01
2014-05-13T00:00:17.650844,358559951.905924, 1.0620000e-09, 3.3198274e+01
2014-05-13T00:00:17.667510,358559951.922591, 1.0620000e-09, 3.3198274e+01
2014-05-13T00:00:17.684177,358559951.939258, 1.0620000e-09, 3.3198274e+01
2014-05-13T00:00:17.700844,358559951.955924, 1.0620000e-09, 3.3197053e+01
2014-05-13T00:00:17.717510,358559951.972591, 1.0620000e-09, 3.3197053e+01
2014-05-13T00:00:17.734177,358559951.989258, 1.0620000e-09, 3.3194612e+01
2014-05-13T00:00:17.750844,358559952.005924, 1.0620000e-09, 3.3193391e+01
2014-05-13T00:00:17.767510,358559952.022591, 1.0620000e-09, 3.3193391e+01
2014-05-13T00:00:17.784177,358559952.039258, 1.0620000e-09, 3.3194612e+01
2014-05-13T00:00:17.800844,358559952.055924, 1.0620000e-09, 3.3195832e+01
2014-05-13T00:00:17.817510,358559952.072591, 1.0620000e-09, 3.3195832e+01
2014-05-13T00:00:17.834177,358559952.089258, 1.0620000e-09, 3.3197053e+01
2014-05-13T00:00:17.850844,358559952.105924, 1.0620000e-09, 3.3198274e+01
2014-05-13T00:00:17.867510,358559952.122591, 1.0620000e-09, 3.3198274e+01
2014-05-13T00:00:17.884177,358559952.139258, 1.0620000e-09, 3.3198274e+01
2014-05-13T00:00:17.900844,358559952.155924, 1.0620000e-09, 3.3198274e+01
2014-05-13T00:00:17.917510,358559952.172591, 1.0620000e-09, 3.3197053e+01
2014-05-13T00:00:17.934177,358559952.189258, 1.0620000e-09, 3.3198274e+01
2014-05-13T00:00:17.950844,358559952.205924, 1.0620000e-09, 3.3199495e+01
2014-05-13T00:00:17.967510,358559952.222591, 1.0620000e-09, 3.3199495e+01
2014-05-13T00:00:17.984177,358559952.239258, 1.0620000e-09, 3.3200715e+01
2014-05-13T00:00:18.000844,358559952.255924, 1.0620000e-09, 3.3200715e+01
2014-05-13T00:00:18.017510,358559952.272591, 1.0620000e-09, 3.3200715e+01
2014-05-13T00:00:18.034177,358559952.289258, 1.0620000e-09, 3.3200715e+01
2014-05-13T00:00:18.050844,358559952.305924, 1.0620000e-09, 3.3200715e+01
2014-05-13T00:00:18.067510,358559952.322591, 1.0620000e-09, 3.3200715e+01
2014-05-13T00:00:18.084177,358559952.339258, 1.0620000e-09, 3.3201936e+01
2014-05-13T00:00:18.100844,358559952.355924, 1.0620000e-09, 3.3203157e+01
2014-05-13T00:00:18.117510,358559952.372591, 1.0620000e-09, 3.3203157e+01
2014-05-13T00:00:18.134177,358559952.389258, 1.0620000e-09, 3.3204377e+01
2014-05-13T00:00:18.150844,358559952.405924, 1.0620000e-09, 3.3203157e+01
2014-05-13T00:00:18.167511,358559952.422591, 1.0620000e-09, 3.3203157e+01
2014-05-13T00:00:18.184177,358559952.439258, 1.0620000e-09, 3.3203157e+01
2014-05-13T00:00:18.200844,358559952.455924, 1.0620000e-09, 3.3203157e+01
2014-05-13T00:00:18.217510,358559952.472591, 1.0620000e-09, 3.3204377e+01
2014-05-13T00:00:18.234177,358559952.489258, 1.0620000e-09, 3.3205598e+01
2014-05-13T00:00:18.250844,358559952.505924, 1.0620000e-09, 3.3205598e+01
2014-05-13T00:00:18.267510,358559952.522591, 1.0620000e-09, 3.3205598e+01
2014-05-13T00:00:18.284177,358559952.539258, 1.0620000e-09, 3.3204377e+01
2014-05-13T00:00:18.300844,358559952.555924, 1.0620000e-09, 3.3204377e+01
2014-05-13T00:00:18.317510,358559952.572591, 1.0620000e-09, 3.3204377e+01
2014-05-13T00:00:18.334177,358559952.589258, 1.0620000e-09, 3.3208039e+01
2014-05-13T00:00:18.350844,358559952.605924, 1.0620000e-09, 3.3206819e+01
2014-05-13T00:00:18.367511,358559952.622591, 1.0620000e-09, 3.3206819e+01
2014-05-13T00:00:18.384177,358559952.639258, 1.0620000e-09, 3.3205598e+01
2014-05-13T00:00:18.400844,358559952.655924, 1.0620000e-09, 3.3204377e+01
2014-05-13T00:00:18.417511,358559952.672591, 1.0620000e-09, 3.3203157e+01
2014-05-13T00:00:18.434177,358559952.689258, 1.0620000e-09, 3.3203157e+01
2014-05-13T00:00:18.450844,358559952.705924, 1.0620000e-09, 3.3203157e+01
2014-05-13T00:00:18.467510,358559952.722591, 1.0620000e-09, 3.3203157e+01
2014-05-13T00:00:18.484177,358559952.739258, 1.0620000e-09, 3.3203157e+01
2014-05-13T00:00:18.500844,358559952.755924, 1.0620000e-09, 3.3203157e+01
2014-05-13T00:00:18.517511,358559952.772591, 1.0620000e-09, 3.3201936e+01
2014-05-13T00:00:18.534177,358559952.789258, 1.0620000e-09, 3.3200715e+01
2014-05-13T00:00:18.550844,358559952.805924, 1.0620000e-09, 3.3200715e+01
2014-05-13T00:00:18.567511,358559952.822591, 1.0620000e-09, 3.3200715e+01
2014-05-13T00:00:18.584177,358559952.839258, 1.0620000e-09, 3.3200715e+01
2014-05-13T00:00:18.600844,358559952.855924, 1.0620000e-09, 3.3200715e+01
2014-05-13T00:00:18.617511,358559952.872591, 1.0620000e-09, 3.3200715e+01
2014-05-13T00:00:18.634177,358559952.889258, 1.0620000e-09, 3.3200715e+01
2014-05-13T00:00:18.650844,358559952.905924, 1.0620000e-09, 3.3199495e+01
2014-05-13T00:00:18.667511,358559952.922591, 1.0620000e-09, 3.3199495e+01
2014-05-13T00:00:18.684177,358559952.939258, 1.0620000e-09, 3.3199495e+01
2014-05-13T00:00:18.700844,358559952.955924, 1.0620000e-09, 3.3198274e+01
2014-05-13T00:00:18.717511,358559952.972591, 1.0620000e-09, 3.3197053e+01
2014-05-13T00:00:18.734177,358559952.989258, 1.0620000e-09, 3.3198274e+01
2014-05-13T00:00:18.750844,358559953.005924, 1.0620000e-09, 3.3199495e+01
2014-05-13T00:00:18.767511,358559953.022591, 1.0620000e-09, 3.3199495e+01
2014-05-13T00:00:18.784177,358559953.039258, 1.0620000e-09, 3.3200715e+01
2014-05-13T00:00:18.800844,358559953.055924, 1.0620000e-09, 3.3201936e+01
2014-05-13T00:00:18.817511,358559953.072591, 1.0620000e-09, 3.3203157e+01
2014-05-13T00:00:18.834177,358559953.089258, 1.0620000e-09, 3.3204377e+01
2014-05-13T00:00:18.850844,358559953.105924, 1.0620000e-09, 3.3204377e+01
2014-05-13T00:00:18.867511,358559953.122591, 1.0620000e-09, 3.3203157e+01
2014-05-13T00:00:18.884177,358559953.139258, 1.0620000e-09, 3.3204377e+01
2014-05-13T00:00:18.900844,358559953.155924, 1.0620000e-09, 3.3204377e+01
2014-05-13T00:00:18.917511,358559953.172591, 1.0620000e-09, 3.3204377e+01
2014-05-13T00:00:18.934177,358559953.189258, 1.0620000e-09, 3.3205598e+01
