2014-05-16T00:00:00.008138,358819134.172591, 1.0620000e-09, 2.7656276e+01
2014-05-16T00:00:00.024805,358819134.189258, 1.0620000e-09, 2.7658718e+01
2014-05-16T00:00:00.041471,358819134.205924, 1.0620000e-09, 2.7659938e+01
2014-05-16T00:00:00.058138,358819134.222591, 1.0620000e-09, 2.7661159e+01
2014-05-16T00:00:00.074805,358819134.239258, 1.0620000e-09, 2.7661159e+01
2014-05-16T00:00:00.091471,358819134.255924, 1.0620000e-09, 2.7659938e+01
2014-05-16T00:00:00.108138,358819134.272591, 1.0620000e-09, 2.7658718e+01
2014-05-16T00:00:00.124805,358819134.289258, 1.0620000e-09, 2.7658718e+01
2014-05-16T00:00:00.141472,358819134.305924, 1.0620000e-09, 2.7659938e+01
2014-05-16T00:00:00.158138,358819134.322591, 1.0620000e-09, 2.7661159e+01
2014-05-16T00:00:00.174805,358819134.339258, 1.0620000e-09, 2.7659938e+01
2014-05-16T00:00:00.191472,358819134.355924, 1.0620000e-09, 2.7658718e+01
2014-05-16T00:00:00.208138,358819134.372591, 1.0620000e-09, 2.7656276e+01
2014-05-16T00:00:00.224805,358819134.389258, 1.0620000e-09, 2.7652614e+01
2014-05-16T00:00:00.241472,358819134.405924, 1.0620000e-09, 2.7651394e+01
2014-05-16T00:00:00.258138,358819134.422591, 1.0620000e-09, 2.7651394e+01
2014-05-16T00:00:00.274805,358819134.439258, 1.0620000e-09, 2.7651394e+01
2014-05-16T00:00:00.291471,358819134.455924, 1.0620000e-09, 2.7652614e+01
2014-05-16T00:00:00.308138,358819134.472591, 1.0620000e-09, 2.7652614e+01
2014-05-16T00:00:00.324805,358819134.489258, 1.0620000e-09, 2.7652614e+01
2014-05-16T00:00:00.341472,358819134.505924, 1.0620000e-09, 2.7652614e+01
2014-05-16T00:00:00.358138,358819134.522591, 1.0620000e-09, 2.7651394e+01
2014-05-16T00:00:00.374805,358819134.539258, 1.0620000e-09, 2.7651394e+01
2014-05-16T00:00:00.391472,358819134.555924, 1.0620000e-09, 2.7651394e+01
2014-05-16T00:00:00.408138,358819134.572591, 1.0620000e-09, 2.7652614e+01
2014-05-16T00:00:00.424805,358819134.589258, 1.0620000e-09, 2.7653835e+01
2014-05-16T00:00:00.441472,358819134.605924, 1.0620000e-09, 2.7655056e+01
2014-05-16T00:00:00.458138,358819134.622591, 1.0620000e-09, 2.7655056e+01
2014-05-16T00:00:00.474805,358819134.639258, 1.0620000e-09, 2.7655056e+01
2014-05-16T00:00:00.491472,358819134.655924, 1.0620000e-09, 2.7653835e+01
2014-05-16T00:00:00.508138,358819134.672591, 1.0620000e-09, 2.7653835e+01
2014-05-16T00:00:00.524805,358819134.689258, 1.0620000e-09, 2.7653835e+01
2014-05-16T00:00:00.541472,358819134.705924, 1.0620000e-09, 2.7655056e+01
2014-05-16T00:00:00.558138,358819134.722591, 1.0620000e-09, 2.7656276e+01
2014-05-16T00:00:00.574805,358819134.739258, 1.0620000e-09, 2.7657497e+01
2014-05-16T00:00:00.591472,358819134.755924, 1.0620000e-09, 2.7658718e+01
2014-05-16T00:00:00.608138,358819134.772591, 1.0620000e-09, 2.7656276e+01
2014-05-16T00:00:00.624805,358819134.789258, 1.0620000e-09, 2.7653835e+01
2014-05-16T00:00:00.641472,358819134.805924, 1.0620000e-09, 2.7652614e+01
2014-05-16T00:00:00.658138,358819134.822591, 1.0620000e-09, 2.7652614e+01
2014-05-16T00:00:00.674805,358819134.839258, 1.0620000e-09, 2.7652614e+01
2014-05-16T00:00:00.691472,358819134.855924, 1.0620000e-09, 2.7653835e+01
2014-05-16T00:00:00.708138,358819134.872591, 1.0620000e-09, 2.7653835e+01
2014-05-16T00:00:00.724805,358819134.889258, 1.0620000e-09, 2.7652614e+01
2014-05-16T00:00:00.741472,358819134.905924, 1.0620000e-09, 2.7648952e+01
2014-05-16T00:00:00.758138,358819134.922591, 1.0620000e-09, 2.7646511e+01
2014-05-16T00:00:00.774805,358819134.939258, 1.0620000e-09, 2.7645290e+01
2014-05-16T00:00:00.791472,358819134.955924, 1.0620000e-09, 2.7645290e+01
2014-05-16T00:00:00.808138,358819134.972591, 1.0620000e-09, 2.7647731e+01
2014-05-16T00:00:00.824805,358819134.989258, 1.0620000e-09, 2.7647731e+01
2014-05-16T00:00:00.841472,358819135.005924, 1.0620000e-09, 2.7646511e+01
2014-05-16T00:00:00.858139,358819135.022591, 1.0620000e-09, 2.7645290e+01
2014-05-16T00:00:00.874805,358819135.039258, 1.0620000e-09, 2.7641628e+01
2014-05-16T00:00:00.891472,358819135.055924, 1.0620000e-09, 2.7639187e+01
2014-05-16T00:00:00.908139,358819135.072591, 1.0620000e-09, 2.7639187e+01
2014-05-16T00:00:00.924805,358819135.089258, 1.0620000e-09, 2.7641628e+01
2014-05-16T00:00:00.941472,358819135.105924, 1.0620000e-09, 2.7645290e+01
2014-05-16T00:00:00.958138,358819135.122591, 1.0620000e-09, 2.7647731e+01
2014-05-16T00:00:00.974805,358819135.139258, 1.0620000e-09, 2.7647731e+01
2014-05-16T00:00:00.991472,358819135.155924, 1.0620000e-09, 2.7647731e+01
2014-05-16T00:00:01.008138,358819135.172591, 1.0620000e-09, 2.7647731e+01
2014-05-16T00:00:01.024805,358819135.189258, 1.0620000e-09, 2.7647731e+01
2014-05-16T00:00:01.041472,358819135.205924, 1.0620000e-09, 2.7646511e+01
2014-05-16T00:00:01.058139,358819135.222591, 1.0620000e-09, 2.7647731e+01
2014-05-16T00:00:01.074805,358819135.239258, 1.0620000e-09, 2.7647731e+01
2014-05-16T00:00:01.091472,358819135.255924, 1.0620000e-09, 2.7648952e+01
2014-05-16T00:00:01.108139,358819135.272591, 1.0620000e-09, 2.7648952e+01
2014-05-16T00:00:01.124805,358819135.289258, 1.0620000e-09, 2.7647731e+01
2014-05-16T00:00:01.141472,358819135.305924, 1.0620000e-09, 2.7645290e+01
2014-05-16T00:00:01.158139,358819135.322591, 1.0620000e-09, 2.7645290e+01
2014-05-16T00:00:01.174805,358819135.339258, 1.0620000e-09, 2.7645290e+01
2014-05-16T00:00:01.191472,358819135.355924, 1.0620000e-09, 2.7646511e+01
2014-05-16T00:00:01.208138,358819135.372591, 1.0620000e-09, 2.7648952e+01
2014-05-16T00:00:01.224805,358819135.389258, 1.0620000e-09, 2.7648952e+01
2014-05-16T00:00:01.241472,358819135.405924, 1.0620000e-09, 2.7647731e+01
2014-05-16T00:00:01.258139,358819135.422591, 1.0620000e-09, 2.7646511e+01
2014-05-16T00:00:01.274805,358819135.439258, 1.0620000e-09, 2.7644069e+01
2014-05-16T00:00:01.291472,358819135.455924, 1.0620000e-09, 2.7645290e+01
2014-05-16T00:00:01.308139,358819135.472591, 1.0620000e-09, 2.7646511e+01
2014-05-16T00:00:01.324805,358819135.489258, 1.0620000e-09, 2.7647731e+01
2014-05-16T00:00:01.341472,358819135.505924, 1.0620000e-09, 2.7648952e+01
2014-05-16T00:00:01.358139,358819135.522591, 1.0620000e-09, 2.7647731e+01
2014-05-16T00:00:01.374805,358819135.539258, 1.0620000e-09, 2.7647731e+01
2014-05-16T00:00:01.391472,358819135.555924, 1.0620000e-09, 2.7647731e+01
2014-05-16T00:00:01.408139,358819135.572591, 1.0620000e-09, 2.7645290e+01
2014-05-16T00:00:01.424805,358819135.589258, 1.0620000e-09, 2.7645290e+01
2014-05-16T00:00:01.441472,358819135.605924, 1.0620000e-09, 2.7645290e+01
2014-05-16T00:00:01.458139,358819135.622591, 1.0620000e-09, 2.7645290e+01
2014-05-16T00:00:01.474805,358819135.639258, 1.0620000e-09, 2.7645290e+01
2014-05-16T00:00:01.491472,358819135.655924, 1.0620000e-09, 2.7642849e+01
2014-05-16T00:00:01.508139,358819135.672591, 1.0620000e-09, 2.7640407e+01
2014-05-16T00:00:01.524805,358819135.689258, 1.0620000e-09, 2.7636745e+01
2014-05-16T00:00:01.541472,358819135.705924, 1.0620000e-09, 2.7634304e+01
2014-05-16T00:00:01.558139,358819135.722591, 1.0620000e-09, 2.7631862e+01
2014-05-16T00:00:01.574805,358819135.739258, 1.0620000e-09, 2.7629421e+01
2014-05-16T00:00:01.591472,358819135.755924, 1.0620000e-09, 2.7626979e+01
2014-05-16T00:00:01.608139,358819135.772591, 1.0620000e-09, 2.7625759e+01
2014-05-16T00:00:01.624805,358819135.789258, 1.0620000e-09, 2.7622097e+01
2014-05-16T00:00:01.641472,358819135.805924, 1.0620000e-09, 2.7617214e+01
2014-05-16T00:00:01.658139,358819135.822591, 1.0620000e-09, 2.7612331e+01
2014-05-16T00:00:01.674805,358819135.839258, 1.0620000e-09, 2.7609890e+01
2014-05-16T00:00:01.691472,358819135.855924, 1.0620000e-09, 2.7607448e+01
2014-05-16T00:00:01.708139,358819135.872591, 1.0620000e-09, 2.7606228e+01
2014-05-16T00:00:01.724805,358819135.889258, 1.0620000e-09, 2.7605007e+01
2014-05-16T00:00:01.741472,358819135.905924, 1.0620000e-09, 2.7603786e+01
2014-05-16T00:00:01.758139,358819135.922591, 1.0620000e-09, 2.7600124e+01
2014-05-16T00:00:01.774806,358819135.939258, 1.0620000e-09, 2.7598903e+01
2014-05-16T00:00:01.791472,358819135.955924, 1.0620000e-09, 2.7595241e+01
2014-05-16T00:00:01.808139,358819135.972591, 1.0620000e-09, 2.7591579e+01
2014-05-16T00:00:01.824805,358819135.989258, 1.0620000e-09, 2.7591579e+01
2014-05-16T00:00:01.841472,358819136.005924, 1.0620000e-09, 2.7592800e+01
2014-05-16T00:00:01.858139,358819136.022591, 1.0620000e-09, 2.7595241e+01
2014-05-16T00:00:01.874805,358819136.039258, 1.0620000e-09, 2.7597683e+01
2014-05-16T00:00:01.891472,358819136.055924, 1.0620000e-09, 2.7598903e+01
2014-05-16T00:00:01.908139,358819136.072591, 1.0620000e-09, 2.7601345e+01
2014-05-16T00:00:01.924805,358819136.089258, 1.0620000e-09, 2.7602565e+01
2014-05-16T00:00:01.941472,358819136.105924, 1.0620000e-09, 2.7605007e+01
2014-05-16T00:00:01.958139,358819136.122591, 1.0620000e-09, 2.7609890e+01
2014-05-16T00:00:01.974806,358819136.139258, 1.0620000e-09, 2.7613552e+01
2014-05-16T00:00:01.991472,358819136.155924, 1.0620000e-09, 2.7614772e+01
2014-05-16T00:00:02.008139,358819136.172591, 1.0620000e-09, 2.7615993e+01
2014-05-16T00:00:02.024806,358819136.189258, 1.0620000e-09, 2.7614772e+01
2014-05-16T00:00:02.041472,358819136.205924, 1.0620000e-09, 2.7612331e+01
2014-05-16T00:00:02.058139,358819136.222591, 1.0620000e-09, 2.7612331e+01
2014-05-16T00:00:02.074805,358819136.239258, 1.0620000e-09, 2.7612331e+01
2014-05-16T00:00:02.091472,358819136.255924, 1.0620000e-09, 2.7614772e+01
2014-05-16T00:00:02.108139,358819136.272591, 1.0620000e-09, 2.7617214e+01
2014-05-16T00:00:02.124806,358819136.289258, 1.0620000e-09, 2.7618435e+01
2014-05-16T00:00:02.141472,358819136.305924, 1.0620000e-09, 2.7618435e+01
2014-05-16T00:00:02.158139,358819136.322591, 1.0620000e-09, 2.7617214e+01
2014-05-16T00:00:02.174806,358819136.339258, 1.0620000e-09, 2.7614772e+01
2014-05-16T00:00:02.191472,358819136.355924, 1.0620000e-09, 2.7614772e+01
2014-05-16T00:00:02.208139,358819136.372591, 1.0620000e-09, 2.7613552e+01
2014-05-16T00:00:02.224806,358819136.389258, 1.0620000e-09, 2.7615993e+01
2014-05-16T00:00:02.241472,358819136.405924, 1.0620000e-09, 2.7618435e+01
2014-05-16T00:00:02.258139,358819136.422591, 1.0620000e-09, 2.7619655e+01
2014-05-16T00:00:02.274806,358819136.439258, 1.0620000e-09, 2.7618435e+01
2014-05-16T00:00:02.291472,358819136.455924, 1.0620000e-09, 2.7615993e+01
2014-05-16T00:00:02.308139,358819136.472591, 1.0620000e-09, 2.7613552e+01
2014-05-16T00:00:02.324806,358819136.489258, 1.0620000e-09, 2.7611110e+01
2014-05-16T00:00:02.341472,358819136.505924, 1.0620000e-09, 2.7611110e+01
2014-05-16T00:00:02.358139,358819136.522591, 1.0620000e-09, 2.7614772e+01
2014-05-16T00:00:02.374806,358819136.539258, 1.0620000e-09, 2.7617214e+01
2014-05-16T00:00:02.391472,358819136.555924, 1.0620000e-09, 2.7618435e+01
2014-05-16T00:00:02.408139,358819136.572591, 1.0620000e-09, 2.7618435e+01
2014-05-16T00:00:02.424806,358819136.589258, 1.0620000e-09, 2.7615993e+01
2014-05-16T00:00:02.441472,358819136.605924, 1.0620000e-09, 2.7614772e+01
2014-05-16T00:00:02.458139,358819136.622591, 1.0620000e-09, 2.7613552e+01
2014-05-16T00:00:02.474806,358819136.639258, 1.0620000e-09, 2.7614772e+01
2014-05-16T00:00:02.491472,358819136.655924, 1.0620000e-09, 2.7615993e+01
2014-05-16T00:00:02.508139,358819136.672591, 1.0620000e-09, 2.7615993e+01
2014-05-16T00:00:02.524806,358819136.689258, 1.0620000e-09, 2.7613552e+01
2014-05-16T00:00:02.541472,358819136.705924, 1.0620000e-09, 2.7608669e+01
2014-05-16T00:00:02.558139,358819136.722591, 1.0620000e-09, 2.7603786e+01
2014-05-16T00:00:02.574806,358819136.739258, 1.0620000e-09, 2.7600124e+01
2014-05-16T00:00:02.591472,358819136.755924, 1.0620000e-09, 2.7597683e+01
2014-05-16T00:00:02.608139,358819136.772591, 1.0620000e-09, 2.7595241e+01
2014-05-16T00:00:02.624806,358819136.789258, 1.0620000e-09, 2.7595241e+01
2014-05-16T00:00:02.641472,358819136.805924, 1.0620000e-09, 2.7595241e+01
2014-05-16T00:00:02.658139,358819136.822591, 1.0620000e-09, 2.7592800e+01
2014-05-16T00:00:02.674806,358819136.839258, 1.0620000e-09, 2.7589138e+01
2014-05-16T00:00:02.691473,358819136.855924, 1.0620000e-09, 2.7585476e+01
2014-05-16T00:00:02.708139,358819136.872591, 1.0620000e-09, 2.7581813e+01
2014-05-16T00:00:02.724806,358819136.889258, 1.0620000e-09, 2.7580593e+01
2014-05-16T00:00:02.741472,358819136.905924, 1.0620000e-09, 2.7581813e+01
2014-05-16T00:00:02.758139,358819136.922591, 1.0620000e-09, 2.7583034e+01
2014-05-16T00:00:02.774806,358819136.939258, 1.0620000e-09, 2.7583034e+01
2014-05-16T00:00:02.791472,358819136.955924, 1.0620000e-09, 2.7580593e+01
2014-05-16T00:00:02.808139,358819136.972591, 1.0620000e-09, 2.7578151e+01
2014-05-16T00:00:02.824806,358819136.989258, 1.0620000e-09, 2.7578151e+01
2014-05-16T00:00:02.841472,358819137.005924, 1.0620000e-09, 2.7576931e+01
2014-05-16T00:00:02.858139,358819137.022591, 1.0620000e-09, 2.7580593e+01
2014-05-16T00:00:02.874806,358819137.039258, 1.0620000e-09, 2.7585476e+01
2014-05-16T00:00:02.891473,358819137.055924, 1.0620000e-09, 2.7591579e+01
2014-05-16T00:00:02.908139,358819137.072591, 1.0620000e-09, 2.7595241e+01
2014-05-16T00:00:02.924806,358819137.089258, 1.0620000e-09, 2.7598903e+01
2014-05-16T00:00:02.941473,358819137.105924, 1.0620000e-09, 2.7600124e+01
2014-05-16T00:00:02.958139,358819137.122591, 1.0620000e-09, 2.7601345e+01
2014-05-16T00:00:02.974806,358819137.139258, 1.0620000e-09, 2.7601345e+01
2014-05-16T00:00:02.991472,358819137.155924, 1.0620000e-09, 2.7605007e+01
2014-05-16T00:00:03.008139,358819137.172591, 1.0620000e-09, 2.7608669e+01
2014-05-16T00:00:03.024806,358819137.189258, 1.0620000e-09, 2.7611110e+01
2014-05-16T00:00:03.041472,358819137.205924, 1.0620000e-09, 2.7613552e+01
2014-05-16T00:00:03.058139,358819137.222591, 1.0620000e-09, 2.7613552e+01
2014-05-16T00:00:03.074806,358819137.239258, 1.0620000e-09, 2.7613552e+01
2014-05-16T00:00:03.091473,358819137.255924, 1.0620000e-09, 2.7612331e+01
2014-05-16T00:00:03.108139,358819137.272591, 1.0620000e-09, 2.7614772e+01
2014-05-16T00:00:03.124806,358819137.289258, 1.0620000e-09, 2.7617214e+01
2014-05-16T00:00:03.141473,358819137.305924, 1.0620000e-09, 2.7619655e+01
2014-05-16T00:00:03.158139,358819137.322591, 1.0620000e-09, 2.7622097e+01
2014-05-16T00:00:03.174806,358819137.339258, 1.0620000e-09, 2.7624538e+01
2014-05-16T00:00:03.191473,358819137.355924, 1.0620000e-09, 2.7624538e+01
2014-05-16T00:00:03.208139,358819137.372591, 1.0620000e-09, 2.7624538e+01
2014-05-16T00:00:03.224806,358819137.389258, 1.0620000e-09, 2.7625759e+01
2014-05-16T00:00:03.241473,358819137.405924, 1.0620000e-09, 2.7625759e+01
2014-05-16T00:00:03.258139,358819137.422591, 1.0620000e-09, 2.7628200e+01
2014-05-16T00:00:03.274806,358819137.439258, 1.0620000e-09, 2.7630642e+01
2014-05-16T00:00:03.291473,358819137.455924, 1.0620000e-09, 2.7631862e+01
2014-05-16T00:00:03.308139,358819137.472591, 1.0620000e-09, 2.7633083e+01
2014-05-16T00:00:03.324806,358819137.489258, 1.0620000e-09, 2.7633083e+01
2014-05-16T00:00:03.341473,358819137.505924, 1.0620000e-09, 2.7633083e+01
2014-05-16T00:00:03.358139,358819137.522591, 1.0620000e-09, 2.7633083e+01
2014-05-16T00:00:03.374806,358819137.539258, 1.0620000e-09, 2.7634304e+01
2014-05-16T00:00:03.391473,358819137.555924, 1.0620000e-09, 2.7636745e+01
2014-05-16T00:00:03.408139,358819137.572591, 1.0620000e-09, 2.7640407e+01
2014-05-16T00:00:03.424806,358819137.589258, 1.0620000e-09, 2.7641628e+01
2014-05-16T00:00:03.441473,358819137.605924, 1.0620000e-09, 2.7642849e+01
2014-05-16T00:00:03.458139,358819137.622591, 1.0620000e-09, 2.7642849e+01
2014-05-16T00:00:03.474806,358819137.639258, 1.0620000e-09, 2.7642849e+01
2014-05-16T00:00:03.491473,358819137.655924, 1.0620000e-09, 2.7642849e+01
2014-05-16T00:00:03.508139,358819137.672591, 1.0620000e-09, 2.7641628e+01
2014-05-16T00:00:03.524806,358819137.689258, 1.0620000e-09, 2.7641628e+01
2014-05-16T00:00:03.541473,358819137.705924, 1.0620000e-09, 2.7641628e+01
2014-05-16T00:00:03.558139,358819137.722591, 1.0620000e-09, 2.7640407e+01
2014-05-16T00:00:03.574806,358819137.739258, 1.0620000e-09, 2.7639187e+01
2014-05-16T00:00:03.591473,358819137.755924, 1.0620000e-09, 2.7635524e+01
2014-05-16T00:00:03.608140,358819137.772591, 1.0620000e-09, 2.7634304e+01
2014-05-16T00:00:03.624806,358819137.789258, 1.0620000e-09, 2.7631862e+01
2014-05-16T00:00:03.641473,358819137.805924, 1.0620000e-09, 2.7629421e+01
2014-05-16T00:00:03.658139,358819137.822591, 1.0620000e-09, 2.7629421e+01
2014-05-16T00:00:03.674806,358819137.839258, 1.0620000e-09, 2.7628200e+01
2014-05-16T00:00:03.691473,358819137.855924, 1.0620000e-09, 2.7626979e+01
2014-05-16T00:00:03.708139,358819137.872591, 1.0620000e-09, 2.7624538e+01
2014-05-16T00:00:03.724806,358819137.889258, 1.0620000e-09, 2.7622097e+01
2014-05-16T00:00:03.741473,358819137.905924, 1.0620000e-09, 2.7619655e+01
2014-05-16T00:00:03.758139,358819137.922591, 1.0620000e-09, 2.7618435e+01
2014-05-16T00:00:03.774806,358819137.939258, 1.0620000e-09, 2.7618435e+01
2014-05-16T00:00:03.791473,358819137.955924, 1.0620000e-09, 2.7619655e+01
2014-05-16T00:00:03.808140,358819137.972591, 1.0620000e-09, 2.7620876e+01
2014-05-16T00:00:03.824806,358819137.989258, 1.0620000e-09, 2.7624538e+01
2014-05-16T00:00:03.841473,358819138.005924, 1.0620000e-09, 2.7625759e+01
2014-05-16T00:00:03.858140,358819138.022591, 1.0620000e-09, 2.7626979e+01
2014-05-16T00:00:03.874806,358819138.039258, 1.0620000e-09, 2.7628200e+01
2014-05-16T00:00:03.891473,358819138.055924, 1.0620000e-09, 2.7631862e+01
2014-05-16T00:00:03.908139,358819138.072591, 1.0620000e-09, 2.7633083e+01
2014-05-16T00:00:03.924806,358819138.089258, 1.0620000e-09, 2.7635524e+01
2014-05-16T00:00:03.941473,358819138.105924, 1.0620000e-09, 2.7636745e+01
2014-05-16T00:00:03.958139,358819138.122591, 1.0620000e-09, 2.7636745e+01
2014-05-16T00:00:03.974806,358819138.139258, 1.0620000e-09, 2.7635524e+01
2014-05-16T00:00:03.991473,358819138.155924, 1.0620000e-09, 2.7634304e+01
2014-05-16T00:00:04.008140,358819138.172591, 1.0620000e-09, 2.7634304e+01
2014-05-16T00:00:04.024806,358819138.189258, 1.0620000e-09, 2.7635524e+01
2014-05-16T00:00:04.041473,358819138.205924, 1.0620000e-09, 2.7635524e+01
2014-05-16T00:00:04.058140,358819138.222591, 1.0620000e-09, 2.7635524e+01
2014-05-16T00:00:04.074806,358819138.239258, 1.0620000e-09, 2.7635524e+01
2014-05-16T00:00:04.091473,358819138.255924, 1.0620000e-09, 2.7634304e+01
2014-05-16T00:00:04.108140,358819138.272591, 1.0620000e-09, 2.7631862e+01
2014-05-16T00:00:04.124806,358819138.289258, 1.0620000e-09, 2.7630642e+01
2014-05-16T00:00:04.141473,358819138.305924, 1.0620000e-09, 2.7629421e+01
2014-05-16T00:00:04.158140,358819138.322591, 1.0620000e-09, 2.7629421e+01
2014-05-16T00:00:04.174806,358819138.339258, 1.0620000e-09, 2.7630642e+01
2014-05-16T00:00:04.191473,358819138.355924, 1.0620000e-09, 2.7631862e+01
2014-05-16T00:00:04.208140,358819138.372591, 1.0620000e-09, 2.7631862e+01
2014-05-16T00:00:04.224806,358819138.389258, 1.0620000e-09, 2.7630642e+01
2014-05-16T00:00:04.241473,358819138.405924, 1.0620000e-09, 2.7630642e+01
2014-05-16T00:00:04.258140,358819138.422591, 1.0620000e-09, 2.7629421e+01
2014-05-16T00:00:04.274806,358819138.439258, 1.0620000e-09, 2.7629421e+01
2014-05-16T00:00:04.291473,358819138.455924, 1.0620000e-09, 2.7631862e+01
2014-05-16T00:00:04.308140,358819138.472591, 1.0620000e-09, 2.7634304e+01
2014-05-16T00:00:04.324806,358819138.489258, 1.0620000e-09, 2.7635524e+01
2014-05-16T00:00:04.341473,358819138.505924, 1.0620000e-09, 2.7635524e+01
2014-05-16T00:00:04.358140,358819138.522591, 1.0620000e-09, 2.7635524e+01
2014-05-16T00:00:04.374806,358819138.539258, 1.0620000e-09, 2.7636745e+01
2014-05-16T00:00:04.391473,358819138.555924, 1.0620000e-09, 2.7636745e+01
2014-05-16T00:00:04.408140,358819138.572591, 1.0620000e-09, 2.7637966e+01
2014-05-16T00:00:04.424806,358819138.589258, 1.0620000e-09, 2.7640407e+01
2014-05-16T00:00:04.441473,358819138.605924, 1.0620000e-09, 2.7642849e+01
2014-05-16T00:00:04.458140,358819138.622591, 1.0620000e-09, 2.7641628e+01
2014-05-16T00:00:04.474806,358819138.639258, 1.0620000e-09, 2.7640407e+01
2014-05-16T00:00:04.491473,358819138.655924, 1.0620000e-09, 2.7637966e+01
2014-05-16T00:00:04.508140,358819138.672591, 1.0620000e-09, 2.7636745e+01
2014-05-16T00:00:04.524806,358819138.689258, 1.0620000e-09, 2.7634304e+01
2014-05-16T00:00:04.541473,358819138.705924, 1.0620000e-09, 2.7633083e+01
2014-05-16T00:00:04.558140,358819138.722591, 1.0620000e-09, 2.7631862e+01
2014-05-16T00:00:04.574806,358819138.739258, 1.0620000e-09, 2.7631862e+01
2014-05-16T00:00:04.591473,358819138.755924, 1.0620000e-09, 2.7630642e+01
2014-05-16T00:00:04.608140,358819138.772591, 1.0620000e-09, 2.7628200e+01
2014-05-16T00:00:04.624806,358819138.789258, 1.0620000e-09, 2.7626979e+01
2014-05-16T00:00:04.641473,358819138.805924, 1.0620000e-09, 2.7625759e+01
2014-05-16T00:00:04.658140,358819138.822591, 1.0620000e-09, 2.7625759e+01
2014-05-16T00:00:04.674807,358819138.839258, 1.0620000e-09, 2.7625759e+01
2014-05-16T00:00:04.691473,358819138.855924, 1.0620000e-09, 2.7625759e+01
2014-05-16T00:00:04.708140,358819138.872591, 1.0620000e-09, 2.7624538e+01
2014-05-16T00:00:04.724807,358819138.889258, 1.0620000e-09, 2.7624538e+01
2014-05-16T00:00:04.741473,358819138.905924, 1.0620000e-09, 2.7623317e+01
2014-05-16T00:00:04.758140,358819138.922591, 1.0620000e-09, 2.7623317e+01
2014-05-16T00:00:04.774806,358819138.939258, 1.0620000e-09, 2.7624538e+01
2014-05-16T00:00:04.791473,358819138.955924, 1.0620000e-09, 2.7626979e+01
2014-05-16T00:00:04.808140,358819138.972591, 1.0620000e-09, 2.7629421e+01
2014-05-16T00:00:04.824806,358819138.989258, 1.0620000e-09, 2.7631862e+01
2014-05-16T00:00:04.841473,358819139.005924, 1.0620000e-09, 2.7634304e+01
2014-05-16T00:00:04.858140,358819139.022591, 1.0620000e-09, 2.7636745e+01
2014-05-16T00:00:04.874807,358819139.039258, 1.0620000e-09, 2.7637966e+01
2014-05-16T00:00:04.891473,358819139.055924, 1.0620000e-09, 2.7636745e+01
2014-05-16T00:00:04.908140,358819139.072591, 1.0620000e-09, 2.7636745e+01
2014-05-16T00:00:04.924807,358819139.089258, 1.0620000e-09, 2.7636745e+01
2014-05-16T00:00:04.941473,358819139.105924, 1.0620000e-09, 2.7637966e+01
2014-05-16T00:00:04.958140,358819139.122591, 1.0620000e-09, 2.7637966e+01
2014-05-16T00:00:04.974807,358819139.139258, 1.0620000e-09, 2.7637966e+01
2014-05-16T00:00:04.991473,358819139.155924, 1.0620000e-09, 2.7637966e+01
2014-05-16T00:00:05.008140,358819139.172591, 1.0620000e-09, 2.7636745e+01
2014-05-16T00:00:05.024806,358819139.189258, 1.0620000e-09, 2.7636745e+01
2014-05-16T00:00:05.041473,358819139.205924, 1.0620000e-09, 2.7635524e+01
2014-05-16T00:00:05.058140,358819139.222591, 1.0620000e-09, 2.7635524e+01
2014-05-16T00:00:05.074807,358819139.239258, 1.0620000e-09, 2.7635524e+01
2014-05-16T00:00:05.091473,358819139.255924, 1.0620000e-09, 2.7635524e+01
2014-05-16T00:00:05.108140,358819139.272591, 1.0620000e-09, 2.7635524e+01
2014-05-16T00:00:05.124807,358819139.289258, 1.0620000e-09, 2.7634304e+01
2014-05-16T00:00:05.141473,358819139.305924, 1.0620000e-09, 2.7635524e+01
2014-05-16T00:00:05.158140,358819139.322591, 1.0620000e-09, 2.7634304e+01
2014-05-16T00:00:05.174807,358819139.339258, 1.0620000e-09, 2.7633083e+01
2014-05-16T00:00:05.191473,358819139.355924, 1.0620000e-09, 2.7631862e+01
2014-05-16T00:00:05.208140,358819139.372591, 1.0620000e-09, 2.7630642e+01
2014-05-16T00:00:05.224807,358819139.389258, 1.0620000e-09, 2.7629421e+01
2014-05-16T00:00:05.241473,358819139.405924, 1.0620000e-09, 2.7629421e+01
2014-05-16T00:00:05.258140,358819139.422591, 1.0620000e-09, 2.7629421e+01
2014-05-16T00:00:05.274807,358819139.439258, 1.0620000e-09, 2.7630642e+01
2014-05-16T00:00:05.291473,358819139.455924, 1.0620000e-09, 2.7629421e+01
2014-05-16T00:00:05.308140,358819139.472591, 1.0620000e-09, 2.7630642e+01
2014-05-16T00:00:05.324807,358819139.489258, 1.0620000e-09, 2.7630642e+01
2014-05-16T00:00:05.341473,358819139.505924, 1.0620000e-09, 2.7633083e+01
2014-05-16T00:00:05.358140,358819139.522591, 1.0620000e-09, 2.7635524e+01
2014-05-16T00:00:05.374807,358819139.539258, 1.0620000e-09, 2.7636745e+01
2014-05-16T00:00:05.391473,358819139.555924, 1.0620000e-09, 2.7640407e+01
2014-05-16T00:00:05.408140,358819139.572591, 1.0620000e-09, 2.7641628e+01
2014-05-16T00:00:05.424807,358819139.589258, 1.0620000e-09, 2.7640407e+01
2014-05-16T00:00:05.441473,358819139.605924, 1.0620000e-09, 2.7639187e+01
2014-05-16T00:00:05.458140,358819139.622591, 1.0620000e-09, 2.7640407e+01
2014-05-16T00:00:05.474807,358819139.639258, 1.0620000e-09, 2.7640407e+01
2014-05-16T00:00:05.491473,358819139.655924, 1.0620000e-09, 2.7641628e+01
2014-05-16T00:00:05.508140,358819139.672591, 1.0620000e-09, 2.7642849e+01
2014-05-16T00:00:05.524807,358819139.689258, 1.0620000e-09, 2.7642849e+01
2014-05-16T00:00:05.541473,358819139.705924, 1.0620000e-09, 2.7644069e+01
2014-05-16T00:00:05.558140,358819139.722591, 1.0620000e-09, 2.7642849e+01
2014-05-16T00:00:05.574807,358819139.739258, 1.0620000e-09, 2.7642849e+01
2014-05-16T00:00:05.591473,358819139.755924, 1.0620000e-09, 2.7642849e+01
2014-05-16T00:00:05.608140,358819139.772591, 1.0620000e-09, 2.7644069e+01
2014-05-16T00:00:05.624807,358819139.789258, 1.0620000e-09, 2.7645290e+01
2014-05-16T00:00:05.641474,358819139.805924, 1.0620000e-09, 2.7646511e+01
2014-05-16T00:00:05.658140,358819139.822591, 1.0620000e-09, 2.7646511e+01
2014-05-16T00:00:05.674807,358819139.839258, 1.0620000e-09, 2.7644069e+01
2014-05-16T00:00:05.691473,358819139.855924, 1.0620000e-09, 2.7644069e+01
2014-05-16T00:00:05.708140,358819139.872591, 1.0620000e-09, 2.7642849e+01
2014-05-16T00:00:05.724807,358819139.889258, 1.0620000e-09, 2.7642849e+01
2014-05-16T00:00:05.741473,358819139.905924, 1.0620000e-09, 2.7644069e+01
2014-05-16T00:00:05.758140,358819139.922591, 1.0620000e-09, 2.7647731e+01
2014-05-16T00:00:05.774807,358819139.939258, 1.0620000e-09, 2.7651394e+01
2014-05-16T00:00:05.791473,358819139.955924, 1.0620000e-09, 2.7652614e+01
2014-05-16T00:00:05.808140,358819139.972591, 1.0620000e-09, 2.7653835e+01
2014-05-16T00:00:05.824807,358819139.989258, 1.0620000e-09, 2.7655056e+01
2014-05-16T00:00:05.841474,358819140.005924, 1.0620000e-09, 2.7655056e+01
2014-05-16T00:00:05.858140,358819140.022591, 1.0620000e-09, 2.7655056e+01
2014-05-16T00:00:05.874807,358819140.039258, 1.0620000e-09, 2.7656276e+01
2014-05-16T00:00:05.891474,358819140.055924, 1.0620000e-09, 2.7657497e+01
2014-05-16T00:00:05.908140,358819140.072591, 1.0620000e-09, 2.7659938e+01
2014-05-16T00:00:05.924807,358819140.089258, 1.0620000e-09, 2.7662380e+01
2014-05-16T00:00:05.941473,358819140.105924, 1.0620000e-09, 2.7662380e+01
2014-05-16T00:00:05.958140,358819140.122591, 1.0620000e-09, 2.7663601e+01
2014-05-16T00:00:05.974807,358819140.139258, 1.0620000e-09, 2.7662380e+01
2014-05-16T00:00:05.991474,358819140.155924, 1.0620000e-09, 2.7664821e+01
2014-05-16T00:00:06.008140,358819140.172591, 1.0620000e-09, 2.7666042e+01
2014-05-16T00:00:06.024807,358819140.189258, 1.0620000e-09, 2.7668483e+01
2014-05-16T00:00:06.041474,358819140.205924, 1.0620000e-09, 2.7669704e+01
2014-05-16T00:00:06.058140,358819140.222591, 1.0620000e-09, 2.7670925e+01
2014-05-16T00:00:06.074807,358819140.239258, 1.0620000e-09, 2.7670925e+01
2014-05-16T00:00:06.091474,358819140.255924, 1.0620000e-09, 2.7669704e+01
2014-05-16T00:00:06.108140,358819140.272591, 1.0620000e-09, 2.7672146e+01
2014-05-16T00:00:06.124807,358819140.289258, 1.0620000e-09, 2.7673366e+01
2014-05-16T00:00:06.141474,358819140.305924, 1.0620000e-09, 2.7674587e+01
2014-05-16T00:00:06.158140,358819140.322591, 1.0620000e-09, 2.7675808e+01
2014-05-16T00:00:06.174807,358819140.339258, 1.0620000e-09, 2.7678249e+01
2014-05-16T00:00:06.191474,358819140.355924, 1.0620000e-09, 2.7678249e+01
2014-05-16T00:00:06.208140,358819140.372591, 1.0620000e-09, 2.7678249e+01
2014-05-16T00:00:06.224807,358819140.389258, 1.0620000e-09, 2.7679470e+01
2014-05-16T00:00:06.241474,358819140.405924, 1.0620000e-09, 2.7681911e+01
2014-05-16T00:00:06.258140,358819140.422591, 1.0620000e-09, 2.7683132e+01
2014-05-16T00:00:06.274807,358819140.439258, 1.0620000e-09, 2.7685573e+01
2014-05-16T00:00:06.291474,358819140.455924, 1.0620000e-09, 2.7688015e+01
2014-05-16T00:00:06.308140,358819140.472591, 1.0620000e-09, 2.7688015e+01
2014-05-16T00:00:06.324807,358819140.489258, 1.0620000e-09, 2.7690456e+01
2014-05-16T00:00:06.341474,358819140.505924, 1.0620000e-09, 2.7690456e+01
2014-05-16T00:00:06.358140,358819140.522591, 1.0620000e-09, 2.7691677e+01
2014-05-16T00:00:06.374807,358819140.539258, 1.0620000e-09, 2.7692898e+01
2014-05-16T00:00:06.391474,358819140.555924, 1.0620000e-09, 2.7694118e+01
2014-05-16T00:00:06.408140,358819140.572591, 1.0620000e-09, 2.7692898e+01
2014-05-16T00:00:06.424807,358819140.589258, 1.0620000e-09, 2.7691677e+01
2014-05-16T00:00:06.441474,358819140.605924, 1.0620000e-09, 2.7690456e+01
2014-05-16T00:00:06.458140,358819140.622591, 1.0620000e-09, 2.7688015e+01
2014-05-16T00:00:06.474807,358819140.639258, 1.0620000e-09, 2.7684353e+01
2014-05-16T00:00:06.491474,358819140.655924, 1.0620000e-09, 2.7684353e+01
2014-05-16T00:00:06.508140,358819140.672591, 1.0620000e-09, 2.7683132e+01
2014-05-16T00:00:06.524807,358819140.689258, 1.0620000e-09, 2.7680690e+01
2014-05-16T00:00:06.541474,358819140.705924, 1.0620000e-09, 2.7680690e+01
2014-05-16T00:00:06.558141,358819140.722591, 1.0620000e-09, 2.7678249e+01
2014-05-16T00:00:06.574807,358819140.739258, 1.0620000e-09, 2.7677028e+01
2014-05-16T00:00:06.591474,358819140.755924, 1.0620000e-09, 2.7675808e+01
2014-05-16T00:00:06.608140,358819140.772591, 1.0620000e-09, 2.7674587e+01
2014-05-16T00:00:06.624807,358819140.789258, 1.0620000e-09, 2.7672146e+01
2014-05-16T00:00:06.641474,358819140.805924, 1.0620000e-09, 2.7672146e+01
2014-05-16T00:00:06.658140,358819140.822591, 1.0620000e-09, 2.7670925e+01
2014-05-16T00:00:06.674807,358819140.839258, 1.0620000e-09, 2.7668483e+01
2014-05-16T00:00:06.691474,358819140.855924, 1.0620000e-09, 2.7667263e+01
2014-05-16T00:00:06.708141,358819140.872591, 1.0620000e-09, 2.7664821e+01
2014-05-16T00:00:06.724807,358819140.889258, 1.0620000e-09, 2.7664821e+01
2014-05-16T00:00:06.741474,358819140.905924, 1.0620000e-09, 2.7666042e+01
2014-05-16T00:00:06.758141,358819140.922591, 1.0620000e-09, 2.7666042e+01
2014-05-16T00:00:06.774807,358819140.939258, 1.0620000e-09, 2.7668483e+01
2014-05-16T00:00:06.791474,358819140.955924, 1.0620000e-09, 2.7669704e+01
2014-05-16T00:00:06.808141,358819140.972591, 1.0620000e-09, 2.7669704e+01
2014-05-16T00:00:06.824807,358819140.989258, 1.0620000e-09, 2.7668483e+01
2014-05-16T00:00:06.841474,358819141.005924, 1.0620000e-09, 2.7667263e+01
2014-05-16T00:00:06.858140,358819141.022591, 1.0620000e-09, 2.7666042e+01
2014-05-16T00:00:06.874807,358819141.039258, 1.0620000e-09, 2.7664821e+01
2014-05-16T00:00:06.891474,358819141.055924, 1.0620000e-09, 2.7664821e+01
2014-05-16T00:00:06.908141,358819141.072591, 1.0620000e-09, 2.7664821e+01
2014-05-16T00:00:06.924807,358819141.089258, 1.0620000e-09, 2.7664821e+01
2014-05-16T00:00:06.941474,358819141.105924, 1.0620000e-09, 2.7664821e+01
2014-05-16T00:00:06.958141,358819141.122591, 1.0620000e-09, 2.7663601e+01
2014-05-16T00:00:06.974807,358819141.139258, 1.0620000e-09, 2.7662380e+01
2014-05-16T00:00:06.991474,358819141.155924, 1.0620000e-09, 2.7662380e+01
2014-05-16T00:00:07.008141,358819141.172591, 1.0620000e-09, 2.7661159e+01
2014-05-16T00:00:07.024807,358819141.189258, 1.0620000e-09, 2.7661159e+01
2014-05-16T00:00:07.041474,358819141.205924, 1.0620000e-09, 2.7661159e+01
2014-05-16T00:00:07.058141,358819141.222591, 1.0620000e-09, 2.7662380e+01
2014-05-16T00:00:07.074807,358819141.239258, 1.0620000e-09, 2.7662380e+01
2014-05-16T00:00:07.091474,358819141.255924, 1.0620000e-09, 2.7661159e+01
2014-05-16T00:00:07.108141,358819141.272591, 1.0620000e-09, 2.7661159e+01
2014-05-16T00:00:07.124807,358819141.289258, 1.0620000e-09, 2.7659938e+01
2014-05-16T00:00:07.141474,358819141.305924, 1.0620000e-09, 2.7659938e+01
2014-05-16T00:00:07.158141,358819141.322591, 1.0620000e-09, 2.7661159e+01
2014-05-16T00:00:07.174807,358819141.339258, 1.0620000e-09, 2.7662380e+01
2014-05-16T00:00:07.191474,358819141.355924, 1.0620000e-09, 2.7663601e+01
2014-05-16T00:00:07.208141,358819141.372591, 1.0620000e-09, 2.7663601e+01
2014-05-16T00:00:07.224807,358819141.389258, 1.0620000e-09, 2.7663601e+01
2014-05-16T00:00:07.241474,358819141.405924, 1.0620000e-09, 2.7662380e+01
2014-05-16T00:00:07.258141,358819141.422591, 1.0620000e-09, 2.7662380e+01
2014-05-16T00:00:07.274807,358819141.439258, 1.0620000e-09, 2.7662380e+01
2014-05-16T00:00:07.291474,358819141.455924, 1.0620000e-09, 2.7663601e+01
2014-05-16T00:00:07.308141,358819141.472591, 1.0620000e-09, 2.7663601e+01
2014-05-16T00:00:07.324807,358819141.489258, 1.0620000e-09, 2.7664821e+01
2014-05-16T00:00:07.341474,358819141.505924, 1.0620000e-09, 2.7666042e+01
2014-05-16T00:00:07.358141,358819141.522591, 1.0620000e-09, 2.7662380e+01
2014-05-16T00:00:07.374807,358819141.539258, 1.0620000e-09, 2.7659938e+01
2014-05-16T00:00:07.391474,358819141.555924, 1.0620000e-09, 2.7658718e+01
2014-05-16T00:00:07.408141,358819141.572591, 1.0620000e-09, 2.7657497e+01
2014-05-16T00:00:07.424808,358819141.589258, 1.0620000e-09, 2.7656276e+01
2014-05-16T00:00:07.441474,358819141.605924, 1.0620000e-09, 2.7656276e+01
2014-05-16T00:00:07.458141,358819141.622591, 1.0620000e-09, 2.7655056e+01
2014-05-16T00:00:07.474808,358819141.639258, 1.0620000e-09, 2.7653835e+01
2014-05-16T00:00:07.491474,358819141.655924, 1.0620000e-09, 2.7650173e+01
2014-05-16T00:00:07.508141,358819141.672591, 1.0620000e-09, 2.7648952e+01
2014-05-16T00:00:07.524807,358819141.689258, 1.0620000e-09, 2.7647731e+01
2014-05-16T00:00:07.541474,358819141.705924, 1.0620000e-09, 2.7647731e+01
2014-05-16T00:00:07.558141,358819141.722591, 1.0620000e-09, 2.7648952e+01
2014-05-16T00:00:07.574807,358819141.739258, 1.0620000e-09, 2.7647731e+01
2014-05-16T00:00:07.591474,358819141.755924, 1.0620000e-09, 2.7646511e+01
2014-05-16T00:00:07.608141,358819141.772591, 1.0620000e-09, 2.7646511e+01
2014-05-16T00:00:07.624808,358819141.789258, 1.0620000e-09, 2.7645290e+01
2014-05-16T00:00:07.641474,358819141.805924, 1.0620000e-09, 2.7644069e+01
2014-05-16T00:00:07.658141,358819141.822591, 1.0620000e-09, 2.7644069e+01
2014-05-16T00:00:07.674808,358819141.839258, 1.0620000e-09, 2.7645290e+01
2014-05-16T00:00:07.691474,358819141.855924, 1.0620000e-09, 2.7648952e+01
2014-05-16T00:00:07.708141,358819141.872591, 1.0620000e-09, 2.7651394e+01
2014-05-16T00:00:07.724808,358819141.889258, 1.0620000e-09, 2.7652614e+01
2014-05-16T00:00:07.741474,358819141.905924, 1.0620000e-09, 2.7655056e+01
2014-05-16T00:00:07.758141,358819141.922591, 1.0620000e-09, 2.7656276e+01
2014-05-16T00:00:07.774807,358819141.939258, 1.0620000e-09, 2.7657497e+01
2014-05-16T00:00:07.791474,358819141.955924, 1.0620000e-09, 2.7658718e+01
2014-05-16T00:00:07.808141,358819141.972591, 1.0620000e-09, 2.7661159e+01
2014-05-16T00:00:07.824808,358819141.989258, 1.0620000e-09, 2.7662380e+01
2014-05-16T00:00:07.841474,358819142.005924, 1.0620000e-09, 2.7662380e+01
2014-05-16T00:00:07.858141,358819142.022591, 1.0620000e-09, 2.7663601e+01
2014-05-16T00:00:07.874808,358819142.039258, 1.0620000e-09, 2.7663601e+01
2014-05-16T00:00:07.891474,358819142.055924, 1.0620000e-09, 2.7663601e+01
2014-05-16T00:00:07.908141,358819142.072591, 1.0620000e-09, 2.7664821e+01
2014-05-16T00:00:07.924808,358819142.089258, 1.0620000e-09, 2.7664821e+01
2014-05-16T00:00:07.941474,358819142.105924, 1.0620000e-09, 2.7664821e+01
2014-05-16T00:00:07.958141,358819142.122591, 1.0620000e-09, 2.7664821e+01
2014-05-16T00:00:07.974808,358819142.139258, 1.0620000e-09, 2.7664821e+01
2014-05-16T00:00:07.991474,358819142.155924, 1.0620000e-09, 2.7663601e+01
2014-05-16T00:00:08.008141,358819142.172591, 1.0620000e-09, 2.7664821e+01
2014-05-16T00:00:08.024808,358819142.189258, 1.0620000e-09, 2.7664821e+01
2014-05-16T00:00:08.041474,358819142.205924, 1.0620000e-09, 2.7666042e+01
2014-05-16T00:00:08.058141,358819142.222591, 1.0620000e-09, 2.7667263e+01
2014-05-16T00:00:08.074808,358819142.239258, 1.0620000e-09, 2.7666042e+01
2014-05-16T00:00:08.091474,358819142.255924, 1.0620000e-09, 2.7666042e+01
2014-05-16T00:00:08.108141,358819142.272591, 1.0620000e-09, 2.7666042e+01
2014-05-16T00:00:08.124808,358819142.289258, 1.0620000e-09, 2.7664821e+01
2014-05-16T00:00:08.141474,358819142.305924, 1.0620000e-09, 2.7664821e+01
2014-05-16T00:00:08.158141,358819142.322591, 1.0620000e-09, 2.7663601e+01
2014-05-16T00:00:08.174808,358819142.339258, 1.0620000e-09, 2.7664821e+01
2014-05-16T00:00:08.191474,358819142.355924, 1.0620000e-09, 2.7664821e+01
2014-05-16T00:00:08.208141,358819142.372591, 1.0620000e-09, 2.7663601e+01
2014-05-16T00:00:08.224808,358819142.389258, 1.0620000e-09, 2.7662380e+01
2014-05-16T00:00:08.241474,358819142.405924, 1.0620000e-09, 2.7661159e+01
2014-05-16T00:00:08.258141,358819142.422591, 1.0620000e-09, 2.7659938e+01
2014-05-16T00:00:08.274808,358819142.439258, 1.0620000e-09, 2.7659938e+01
2014-05-16T00:00:08.291474,358819142.455924, 1.0620000e-09, 2.7661159e+01
2014-05-16T00:00:08.308141,358819142.472591, 1.0620000e-09, 2.7662380e+01
2014-05-16T00:00:08.324808,358819142.489258, 1.0620000e-09, 2.7661159e+01
2014-05-16T00:00:08.341474,358819142.505924, 1.0620000e-09, 2.7659938e+01
2014-05-16T00:00:08.358141,358819142.522591, 1.0620000e-09, 2.7658718e+01
2014-05-16T00:00:08.374808,358819142.539258, 1.0620000e-09, 2.7657497e+01
2014-05-16T00:00:08.391474,358819142.555924, 1.0620000e-09, 2.7656276e+01
2014-05-16T00:00:08.408141,358819142.572591, 1.0620000e-09, 2.7657497e+01
2014-05-16T00:00:08.424808,358819142.589258, 1.0620000e-09, 2.7658718e+01
2014-05-16T00:00:08.441474,358819142.605924, 1.0620000e-09, 2.7657497e+01
2014-05-16T00:00:08.458141,358819142.622591, 1.0620000e-09, 2.7656276e+01
2014-05-16T00:00:08.474808,358819142.639258, 1.0620000e-09, 2.7655056e+01
2014-05-16T00:00:08.491474,358819142.655924, 1.0620000e-09, 2.7652614e+01
2014-05-16T00:00:08.508141,358819142.672591, 1.0620000e-09, 2.7651394e+01
2014-05-16T00:00:08.524808,358819142.689258, 1.0620000e-09, 2.7651394e+01
2014-05-16T00:00:08.541474,358819142.705924, 1.0620000e-09, 2.7650173e+01
2014-05-16T00:00:08.558141,358819142.722591, 1.0620000e-09, 2.7650173e+01
2014-05-16T00:00:08.574808,358819142.739258, 1.0620000e-09, 2.7650173e+01
2014-05-16T00:00:08.591475,358819142.755924, 1.0620000e-09, 2.7648952e+01
2014-05-16T00:00:08.608141,358819142.772591, 1.0620000e-09, 2.7647731e+01
2014-05-16T00:00:08.624808,358819142.789258, 1.0620000e-09, 2.7647731e+01
2014-05-16T00:00:08.641474,358819142.805924, 1.0620000e-09, 2.7648952e+01
2014-05-16T00:00:08.658141,358819142.822591, 1.0620000e-09, 2.7651394e+01
2014-05-16T00:00:08.674808,358819142.839258, 1.0620000e-09, 2.7655056e+01
2014-05-16T00:00:08.691474,358819142.855924, 1.0620000e-09, 2.7658718e+01
2014-05-16T00:00:08.708141,358819142.872591, 1.0620000e-09, 2.7661159e+01
2014-05-16T00:00:08.724808,358819142.889258, 1.0620000e-09, 2.7662380e+01
2014-05-16T00:00:08.741475,358819142.905924, 1.0620000e-09, 2.7662380e+01
2014-05-16T00:00:08.758141,358819142.922591, 1.0620000e-09, 2.7663601e+01
2014-05-16T00:00:08.774808,358819142.939258, 1.0620000e-09, 2.7663601e+01
2014-05-16T00:00:08.791475,358819142.955924, 1.0620000e-09, 2.7663601e+01
2014-05-16T00:00:08.808141,358819142.972591, 1.0620000e-09, 2.7666042e+01
2014-05-16T00:00:08.824808,358819142.989258, 1.0620000e-09, 2.7668483e+01
2014-05-16T00:00:08.841475,358819143.005924, 1.0620000e-09, 2.7668483e+01
2014-05-16T00:00:08.858141,358819143.022591, 1.0620000e-09, 2.7668483e+01
2014-05-16T00:00:08.874808,358819143.039258, 1.0620000e-09, 2.7668483e+01
2014-05-16T00:00:08.891474,358819143.055924, 1.0620000e-09, 2.7668483e+01
2014-05-16T00:00:08.908141,358819143.072591, 1.0620000e-09, 2.7668483e+01
2014-05-16T00:00:08.924808,358819143.089258, 1.0620000e-09, 2.7669704e+01
2014-05-16T00:00:08.941475,358819143.105924, 1.0620000e-09, 2.7670925e+01
2014-05-16T00:00:08.958141,358819143.122591, 1.0620000e-09, 2.7670925e+01
2014-05-16T00:00:08.974808,358819143.139258, 1.0620000e-09, 2.7670925e+01
2014-05-16T00:00:08.991475,358819143.155924, 1.0620000e-09, 2.7670925e+01
2014-05-16T00:00:09.008141,358819143.172591, 1.0620000e-09, 2.7670925e+01
2014-05-16T00:00:09.024808,358819143.189258, 1.0620000e-09, 2.7669704e+01
2014-05-16T00:00:09.041475,358819143.205924, 1.0620000e-09, 2.7668483e+01
2014-05-16T00:00:09.058141,358819143.222591, 1.0620000e-09, 2.7668483e+01
2014-05-16T00:00:09.074808,358819143.239258, 1.0620000e-09, 2.7669704e+01
2014-05-16T00:00:09.091475,358819143.255924, 1.0620000e-09, 2.7669704e+01
2014-05-16T00:00:09.108141,358819143.272591, 1.0620000e-09, 2.7668483e+01
2014-05-16T00:00:09.124808,358819143.289258, 1.0620000e-09, 2.7667263e+01
2014-05-16T00:00:09.141475,358819143.305924, 1.0620000e-09, 2.7667263e+01
2014-05-16T00:00:09.158141,358819143.322591, 1.0620000e-09, 2.7666042e+01
2014-05-16T00:00:09.174808,358819143.339258, 1.0620000e-09, 2.7666042e+01
2014-05-16T00:00:09.191475,358819143.355924, 1.0620000e-09, 2.7666042e+01
2014-05-16T00:00:09.208141,358819143.372591, 1.0620000e-09, 2.7667263e+01
2014-05-16T00:00:09.224808,358819143.389258, 1.0620000e-09, 2.7667263e+01
2014-05-16T00:00:09.241475,358819143.405924, 1.0620000e-09, 2.7667263e+01
2014-05-16T00:00:09.258141,358819143.422591, 1.0620000e-09, 2.7666042e+01
2014-05-16T00:00:09.274808,358819143.439258, 1.0620000e-09, 2.7663601e+01
2014-05-16T00:00:09.291475,358819143.455924, 1.0620000e-09, 2.7661159e+01
2014-05-16T00:00:09.308141,358819143.472591, 1.0620000e-09, 2.7659938e+01
2014-05-16T00:00:09.324808,358819143.489258, 1.0620000e-09, 2.7659938e+01
2014-05-16T00:00:09.341475,358819143.505924, 1.0620000e-09, 2.7658718e+01
2014-05-16T00:00:09.358141,358819143.522591, 1.0620000e-09, 2.7657497e+01
2014-05-16T00:00:09.374808,358819143.539258, 1.0620000e-09, 2.7656276e+01
2014-05-16T00:00:09.391475,358819143.555924, 1.0620000e-09, 2.7653835e+01
2014-05-16T00:00:09.408141,358819143.572591, 1.0620000e-09, 2.7651394e+01
2014-05-16T00:00:09.424808,358819143.589258, 1.0620000e-09, 2.7650173e+01
2014-05-16T00:00:09.441475,358819143.605924, 1.0620000e-09, 2.7650173e+01
2014-05-16T00:00:09.458142,358819143.622591, 1.0620000e-09, 2.7650173e+01
2014-05-16T00:00:09.474808,358819143.639258, 1.0620000e-09, 2.7651394e+01
2014-05-16T00:00:09.491475,358819143.655924, 1.0620000e-09, 2.7651394e+01
2014-05-16T00:00:09.508142,358819143.672591, 1.0620000e-09, 2.7650173e+01
2014-05-16T00:00:09.524808,358819143.689258, 1.0620000e-09, 2.7648952e+01
2014-05-16T00:00:09.541475,358819143.705924, 1.0620000e-09, 2.7647731e+01
2014-05-16T00:00:09.558141,358819143.722591, 1.0620000e-09, 2.7647731e+01
2014-05-16T00:00:09.574808,358819143.739258, 1.0620000e-09, 2.7648952e+01
2014-05-16T00:00:09.591475,358819143.755924, 1.0620000e-09, 2.7651394e+01
2014-05-16T00:00:09.608142,358819143.772591, 1.0620000e-09, 2.7653835e+01
2014-05-16T00:00:09.624808,358819143.789258, 1.0620000e-09, 2.7656276e+01
2014-05-16T00:00:09.641475,358819143.805924, 1.0620000e-09, 2.7658718e+01
2014-05-16T00:00:09.658142,358819143.822591, 1.0620000e-09, 2.7661159e+01
2014-05-16T00:00:09.674808,358819143.839258, 1.0620000e-09, 2.7663601e+01
2014-05-16T00:00:09.691475,358819143.855924, 1.0620000e-09, 2.7664821e+01
2014-05-16T00:00:09.708142,358819143.872591, 1.0620000e-09, 2.7668483e+01
2014-05-16T00:00:09.724808,358819143.889258, 1.0620000e-09, 2.7669704e+01
2014-05-16T00:00:09.741475,358819143.905924, 1.0620000e-09, 2.7670925e+01
2014-05-16T00:00:09.758142,358819143.922591, 1.0620000e-09, 2.7672146e+01
2014-05-16T00:00:09.774808,358819143.939258, 1.0620000e-09, 2.7670925e+01
2014-05-16T00:00:09.791475,358819143.955924, 1.0620000e-09, 2.7670925e+01
2014-05-16T00:00:09.808142,358819143.972591, 1.0620000e-09, 2.7672146e+01
2014-05-16T00:00:09.824808,358819143.989258, 1.0620000e-09, 2.7674587e+01
2014-05-16T00:00:09.841475,358819144.005924, 1.0620000e-09, 2.7675808e+01
2014-05-16T00:00:09.858142,358819144.022591, 1.0620000e-09, 2.7677028e+01
2014-05-16T00:00:09.874808,358819144.039258, 1.0620000e-09, 2.7678249e+01
2014-05-16T00:00:09.891475,358819144.055924, 1.0620000e-09, 2.7678249e+01
2014-05-16T00:00:09.908142,358819144.072591, 1.0620000e-09, 2.7677028e+01
2014-05-16T00:00:09.924808,358819144.089258, 1.0620000e-09, 2.7675808e+01
2014-05-16T00:00:09.941475,358819144.105924, 1.0620000e-09, 2.7677028e+01
2014-05-16T00:00:09.958142,358819144.122591, 1.0620000e-09, 2.7678249e+01
2014-05-16T00:00:09.974808,358819144.139258, 1.0620000e-09, 2.7680690e+01
2014-05-16T00:00:09.991475,358819144.155924, 1.0620000e-09, 2.7681911e+01
2014-05-16T00:00:10.008142,358819144.172591, 1.0620000e-09, 2.7680690e+01
2014-05-16T00:00:10.024808,358819144.189258, 1.0620000e-09, 2.7679470e+01
2014-05-16T00:00:10.041475,358819144.205924, 1.0620000e-09, 2.7678249e+01
2014-05-16T00:00:10.058142,358819144.222591, 1.0620000e-09, 2.7678249e+01
2014-05-16T00:00:10.074808,358819144.239258, 1.0620000e-09, 2.7679470e+01
2014-05-16T00:00:10.091475,358819144.255924, 1.0620000e-09, 2.7680690e+01
2014-05-16T00:00:10.108142,358819144.272591, 1.0620000e-09, 2.7683132e+01
2014-05-16T00:00:10.124808,358819144.289258, 1.0620000e-09, 2.7681911e+01
2014-05-16T00:00:10.141475,358819144.305924, 1.0620000e-09, 2.7680690e+01
2014-05-16T00:00:10.158142,358819144.322591, 1.0620000e-09, 2.7679470e+01
2014-05-16T00:00:10.174809,358819144.339258, 1.0620000e-09, 2.7678249e+01
2014-05-16T00:00:10.191475,358819144.355924, 1.0620000e-09, 2.7678249e+01
2014-05-16T00:00:10.208142,358819144.372591, 1.0620000e-09, 2.7679470e+01
2014-05-16T00:00:10.224808,358819144.389258, 1.0620000e-09, 2.7680690e+01
2014-05-16T00:00:10.241475,358819144.405924, 1.0620000e-09, 2.7681911e+01
2014-05-16T00:00:10.258142,358819144.422591, 1.0620000e-09, 2.7680690e+01
2014-05-16T00:00:10.274808,358819144.439258, 1.0620000e-09, 2.7675808e+01
2014-05-16T00:00:10.291475,358819144.455924, 1.0620000e-09, 2.7673366e+01
2014-05-16T00:00:10.308142,358819144.472591, 1.0620000e-09, 2.7669704e+01
2014-05-16T00:00:10.324808,358819144.489258, 1.0620000e-09, 2.7668483e+01
2014-05-16T00:00:10.341475,358819144.505924, 1.0620000e-09, 2.7667263e+01
2014-05-16T00:00:10.358142,358819144.522591, 1.0620000e-09, 2.7667263e+01
2014-05-16T00:00:10.374809,358819144.539258, 1.0620000e-09, 2.7666042e+01
2014-05-16T00:00:10.391475,358819144.555924, 1.0620000e-09, 2.7663601e+01
2014-05-16T00:00:10.408142,358819144.572591, 1.0620000e-09, 2.7659938e+01
2014-05-16T00:00:10.424809,358819144.589258, 1.0620000e-09, 2.7657497e+01
2014-05-16T00:00:10.441475,358819144.605924, 1.0620000e-09, 2.7656276e+01
2014-05-16T00:00:10.458142,358819144.622591, 1.0620000e-09, 2.7655056e+01
2014-05-16T00:00:10.474808,358819144.639258, 1.0620000e-09, 2.7653835e+01
2014-05-16T00:00:10.491475,358819144.655924, 1.0620000e-09, 2.7653835e+01
2014-05-16T00:00:10.508142,358819144.672591, 1.0620000e-09, 2.7652614e+01
2014-05-16T00:00:10.524808,358819144.689258, 1.0620000e-09, 2.7650173e+01
2014-05-16T00:00:10.541475,358819144.705924, 1.0620000e-09, 2.7647731e+01
2014-05-16T00:00:10.558142,358819144.722591, 1.0620000e-09, 2.7646511e+01
2014-05-16T00:00:10.574809,358819144.739258, 1.0620000e-09, 2.7645290e+01
2014-05-16T00:00:10.591475,358819144.755924, 1.0620000e-09, 2.7647731e+01
2014-05-16T00:00:10.608142,358819144.772591, 1.0620000e-09, 2.7650173e+01
2014-05-16T00:00:10.624809,358819144.789258, 1.0620000e-09, 2.7653835e+01
2014-05-16T00:00:10.641475,358819144.805924, 1.0620000e-09, 2.7655056e+01
2014-05-16T00:00:10.658142,358819144.822591, 1.0620000e-09, 2.7655056e+01
2014-05-16T00:00:10.674809,358819144.839258, 1.0620000e-09, 2.7653835e+01
2014-05-16T00:00:10.691475,358819144.855924, 1.0620000e-09, 2.7652614e+01
2014-05-16T00:00:10.708142,358819144.872591, 1.0620000e-09, 2.7652614e+01
2014-05-16T00:00:10.724808,358819144.889258, 1.0620000e-09, 2.7655056e+01
2014-05-16T00:00:10.741475,358819144.905924, 1.0620000e-09, 2.7656276e+01
2014-05-16T00:00:10.758142,358819144.922591, 1.0620000e-09, 2.7657497e+01
2014-05-16T00:00:10.774809,358819144.939258, 1.0620000e-09, 2.7656276e+01
2014-05-16T00:00:10.791475,358819144.955924, 1.0620000e-09, 2.7655056e+01
2014-05-16T00:00:10.808142,358819144.972591, 1.0620000e-09, 2.7652614e+01
2014-05-16T00:00:10.824809,358819144.989258, 1.0620000e-09, 2.7651394e+01
2014-05-16T00:00:10.841475,358819145.005924, 1.0620000e-09, 2.7650173e+01
2014-05-16T00:00:10.858142,358819145.022591, 1.0620000e-09, 2.7648952e+01
2014-05-16T00:00:10.874809,358819145.039258, 1.0620000e-09, 2.7648952e+01
2014-05-16T00:00:10.891475,358819145.055924, 1.0620000e-09, 2.7648952e+01
2014-05-16T00:00:10.908142,358819145.072591, 1.0620000e-09, 2.7646511e+01
2014-05-16T00:00:10.924809,358819145.089258, 1.0620000e-09, 2.7646511e+01
2014-05-16T00:00:10.941475,358819145.105924, 1.0620000e-09, 2.7645290e+01
2014-05-16T00:00:10.958142,358819145.122591, 1.0620000e-09, 2.7644069e+01
2014-05-16T00:00:10.974809,358819145.139258, 1.0620000e-09, 2.7642849e+01
2014-05-16T00:00:10.991475,358819145.155924, 1.0620000e-09, 2.7642849e+01
2014-05-16T00:00:11.008142,358819145.172591, 1.0620000e-09, 2.7644069e+01
2014-05-16T00:00:11.024809,358819145.189258, 1.0620000e-09, 2.7644069e+01
2014-05-16T00:00:11.041475,358819145.205924, 1.0620000e-09, 2.7642849e+01
2014-05-16T00:00:11.058142,358819145.222591, 1.0620000e-09, 2.7642849e+01
2014-05-16T00:00:11.074809,358819145.239258, 1.0620000e-09, 2.7640407e+01
2014-05-16T00:00:11.091475,358819145.255924, 1.0620000e-09, 2.7639187e+01
2014-05-16T00:00:11.108142,358819145.272591, 1.0620000e-09, 2.7637966e+01
2014-05-16T00:00:11.124809,358819145.289258, 1.0620000e-09, 2.7639187e+01
2014-05-16T00:00:11.141475,358819145.305924, 1.0620000e-09, 2.7639187e+01
2014-05-16T00:00:11.158142,358819145.322591, 1.0620000e-09, 2.7639187e+01
2014-05-16T00:00:11.174809,358819145.339258, 1.0620000e-09, 2.7639187e+01
2014-05-16T00:00:11.191475,358819145.355924, 1.0620000e-09, 2.7639187e+01
2014-05-16T00:00:11.208142,358819145.372591, 1.0620000e-09, 2.7637966e+01
2014-05-16T00:00:11.224809,358819145.389258, 1.0620000e-09, 2.7636745e+01
2014-05-16T00:00:11.241475,358819145.405924, 1.0620000e-09, 2.7634304e+01
2014-05-16T00:00:11.258142,358819145.422591, 1.0620000e-09, 2.7634304e+01
2014-05-16T00:00:11.274809,358819145.439258, 1.0620000e-09, 2.7631862e+01
2014-05-16T00:00:11.291475,358819145.455924, 1.0620000e-09, 2.7631862e+01
2014-05-16T00:00:11.308142,358819145.472591, 1.0620000e-09, 2.7629421e+01
2014-05-16T00:00:11.324809,358819145.489258, 1.0620000e-09, 2.7626979e+01
2014-05-16T00:00:11.341475,358819145.505924, 1.0620000e-09, 2.7624538e+01
2014-05-16T00:00:11.358142,358819145.522591, 1.0620000e-09, 2.7623317e+01
2014-05-16T00:00:11.374809,358819145.539258, 1.0620000e-09, 2.7622097e+01
2014-05-16T00:00:11.391475,358819145.555924, 1.0620000e-09, 2.7620876e+01
2014-05-16T00:00:11.408142,358819145.572591, 1.0620000e-09, 2.7622097e+01
2014-05-16T00:00:11.424809,358819145.589258, 1.0620000e-09, 2.7623317e+01
2014-05-16T00:00:11.441475,358819145.605924, 1.0620000e-09, 2.7620876e+01
2014-05-16T00:00:11.458142,358819145.622591, 1.0620000e-09, 2.7619655e+01
2014-05-16T00:00:11.474809,358819145.639258, 1.0620000e-09, 2.7618435e+01
2014-05-16T00:00:11.491476,358819145.655924, 1.0620000e-09, 2.7617214e+01
2014-05-16T00:00:11.508142,358819145.672591, 1.0620000e-09, 2.7618435e+01
2014-05-16T00:00:11.524809,358819145.689258, 1.0620000e-09, 2.7618435e+01
2014-05-16T00:00:11.541476,358819145.705924, 1.0620000e-09, 2.7619655e+01
2014-05-16T00:00:11.558142,358819145.722591, 1.0620000e-09, 2.7622097e+01
2014-05-16T00:00:11.574809,358819145.739258, 1.0620000e-09, 2.7623317e+01
2014-05-16T00:00:11.591475,358819145.755924, 1.0620000e-09, 2.7625759e+01
2014-05-16T00:00:11.608142,358819145.772591, 1.0620000e-09, 2.7626979e+01
2014-05-16T00:00:11.624809,358819145.789258, 1.0620000e-09, 2.7626979e+01
2014-05-16T00:00:11.641475,358819145.805924, 1.0620000e-09, 2.7628200e+01
2014-05-16T00:00:11.658142,358819145.822591, 1.0620000e-09, 2.7629421e+01
2014-05-16T00:00:11.674809,358819145.839258, 1.0620000e-09, 2.7629421e+01
2014-05-16T00:00:11.691476,358819145.855924, 1.0620000e-09, 2.7630642e+01
2014-05-16T00:00:11.708142,358819145.872591, 1.0620000e-09, 2.7631862e+01
2014-05-16T00:00:11.724809,358819145.889258, 1.0620000e-09, 2.7630642e+01
2014-05-16T00:00:11.741476,358819145.905924, 1.0620000e-09, 2.7630642e+01
2014-05-16T00:00:11.758142,358819145.922591, 1.0620000e-09, 2.7629421e+01
2014-05-16T00:00:11.774809,358819145.939258, 1.0620000e-09, 2.7629421e+01
2014-05-16T00:00:11.791476,358819145.955924, 1.0620000e-09, 2.7630642e+01
2014-05-16T00:00:11.808142,358819145.972591, 1.0620000e-09, 2.7630642e+01
2014-05-16T00:00:11.824809,358819145.989258, 1.0620000e-09, 2.7630642e+01
2014-05-16T00:00:11.841476,358819146.005924, 1.0620000e-09, 2.7630642e+01
2014-05-16T00:00:11.858142,358819146.022591, 1.0620000e-09, 2.7629421e+01
2014-05-16T00:00:11.874809,358819146.039258, 1.0620000e-09, 2.7629421e+01
2014-05-16T00:00:11.891476,358819146.055924, 1.0620000e-09, 2.7629421e+01
2014-05-16T00:00:11.908142,358819146.072591, 1.0620000e-09, 2.7629421e+01
2014-05-16T00:00:11.924809,358819146.089258, 1.0620000e-09, 2.7629421e+01
2014-05-16T00:00:11.941476,358819146.105924, 1.0620000e-09, 2.7628200e+01
2014-05-16T00:00:11.958142,358819146.122591, 1.0620000e-09, 2.7628200e+01
2014-05-16T00:00:11.974809,358819146.139258, 1.0620000e-09, 2.7626979e+01
2014-05-16T00:00:11.991476,358819146.155924, 1.0620000e-09, 2.7626979e+01
2014-05-16T00:00:12.008142,358819146.172591, 1.0620000e-09, 2.7625759e+01
2014-05-16T00:00:12.024809,358819146.189258, 1.0620000e-09, 2.7625759e+01
2014-05-16T00:00:12.041476,358819146.205924, 1.0620000e-09, 2.7626979e+01
2014-05-16T00:00:12.058142,358819146.222591, 1.0620000e-09, 2.7628200e+01
2014-05-16T00:00:12.074809,358819146.239258, 1.0620000e-09, 2.7630642e+01
2014-05-16T00:00:12.091476,358819146.255924, 1.0620000e-09, 2.7631862e+01
2014-05-16T00:00:12.108142,358819146.272591, 1.0620000e-09, 2.7631862e+01
2014-05-16T00:00:12.124809,358819146.289258, 1.0620000e-09, 2.7631862e+01
2014-05-16T00:00:12.141476,358819146.305924, 1.0620000e-09, 2.7633083e+01
2014-05-16T00:00:12.158142,358819146.322591, 1.0620000e-09, 2.7634304e+01
2014-05-16T00:00:12.174809,358819146.339258, 1.0620000e-09, 2.7635524e+01
2014-05-16T00:00:12.191476,358819146.355924, 1.0620000e-09, 2.7634304e+01
2014-05-16T00:00:12.208143,358819146.372591, 1.0620000e-09, 2.7633083e+01
2014-05-16T00:00:12.224809,358819146.389258, 1.0620000e-09, 2.7631862e+01
2014-05-16T00:00:12.241476,358819146.405924, 1.0620000e-09, 2.7630642e+01
2014-05-16T00:00:12.258142,358819146.422591, 1.0620000e-09, 2.7628200e+01
2014-05-16T00:00:12.274809,358819146.439258, 1.0620000e-09, 2.7625759e+01
2014-05-16T00:00:12.291476,358819146.455924, 1.0620000e-09, 2.7624538e+01
2014-05-16T00:00:12.308142,358819146.472591, 1.0620000e-09, 2.7623317e+01
2014-05-16T00:00:12.324809,358819146.489258, 1.0620000e-09, 2.7622097e+01
2014-05-16T00:00:12.341476,358819146.505924, 1.0620000e-09, 2.7622097e+01
2014-05-16T00:00:12.358143,358819146.522591, 1.0620000e-09, 2.7620876e+01
2014-05-16T00:00:12.374809,358819146.539258, 1.0620000e-09, 2.7620876e+01
2014-05-16T00:00:12.391476,358819146.555924, 1.0620000e-09, 2.7618435e+01
2014-05-16T00:00:12.408143,358819146.572591, 1.0620000e-09, 2.7615993e+01
2014-05-16T00:00:12.424809,358819146.589258, 1.0620000e-09, 2.7614772e+01
2014-05-16T00:00:12.441476,358819146.605924, 1.0620000e-09, 2.7614772e+01
2014-05-16T00:00:12.458143,358819146.622591, 1.0620000e-09, 2.7615993e+01
2014-05-16T00:00:12.474809,358819146.639258, 1.0620000e-09, 2.7617214e+01
2014-05-16T00:00:12.491476,358819146.655924, 1.0620000e-09, 2.7617214e+01
2014-05-16T00:00:12.508142,358819146.672591, 1.0620000e-09, 2.7615993e+01
2014-05-16T00:00:12.524809,358819146.689258, 1.0620000e-09, 2.7617214e+01
2014-05-16T00:00:12.541476,358819146.705924, 1.0620000e-09, 2.7617214e+01
2014-05-16T00:00:12.558143,358819146.722591, 1.0620000e-09, 2.7619655e+01
2014-05-16T00:00:12.574809,358819146.739258, 1.0620000e-09, 2.7622097e+01
2014-05-16T00:00:12.591476,358819146.755924, 1.0620000e-09, 2.7623317e+01
2014-05-16T00:00:12.608143,358819146.772591, 1.0620000e-09, 2.7624538e+01
2014-05-16T00:00:12.624809,358819146.789258, 1.0620000e-09, 2.7623317e+01
2014-05-16T00:00:12.641476,358819146.805924, 1.0620000e-09, 2.7622097e+01
2014-05-16T00:00:12.658143,358819146.822591, 1.0620000e-09, 2.7620876e+01
2014-05-16T00:00:12.674809,358819146.839258, 1.0620000e-09, 2.7620876e+01
2014-05-16T00:00:12.691476,358819146.855924, 1.0620000e-09, 2.7620876e+01
2014-05-16T00:00:12.708143,358819146.872591, 1.0620000e-09, 2.7622097e+01
2014-05-16T00:00:12.724809,358819146.889258, 1.0620000e-09, 2.7622097e+01
2014-05-16T00:00:12.741476,358819146.905924, 1.0620000e-09, 2.7622097e+01
2014-05-16T00:00:12.758143,358819146.922591, 1.0620000e-09, 2.7619655e+01
2014-05-16T00:00:12.774809,358819146.939258, 1.0620000e-09, 2.7619655e+01
2014-05-16T00:00:12.791476,358819146.955924, 1.0620000e-09, 2.7618435e+01
2014-05-16T00:00:12.808143,358819146.972591, 1.0620000e-09, 2.7618435e+01
2014-05-16T00:00:12.824809,358819146.989258, 1.0620000e-09, 2.7618435e+01
2014-05-16T00:00:12.841476,358819147.005924, 1.0620000e-09, 2.7620876e+01
2014-05-16T00:00:12.858143,358819147.022591, 1.0620000e-09, 2.7623317e+01
2014-05-16T00:00:12.874809,358819147.039258, 1.0620000e-09, 2.7623317e+01
2014-05-16T00:00:12.891476,358819147.055924, 1.0620000e-09, 2.7622097e+01
2014-05-16T00:00:12.908143,358819147.072591, 1.0620000e-09, 2.7620876e+01
2014-05-16T00:00:12.924809,358819147.089258, 1.0620000e-09, 2.7619655e+01
2014-05-16T00:00:12.941476,358819147.105924, 1.0620000e-09, 2.7619655e+01
2014-05-16T00:00:12.958143,358819147.122591, 1.0620000e-09, 2.7620876e+01
2014-05-16T00:00:12.974809,358819147.139258, 1.0620000e-09, 2.7623317e+01
2014-05-16T00:00:12.991476,358819147.155924, 1.0620000e-09, 2.7625759e+01
2014-05-16T00:00:13.008143,358819147.172591, 1.0620000e-09, 2.7625759e+01
2014-05-16T00:00:13.024809,358819147.189258, 1.0620000e-09, 2.7624538e+01
2014-05-16T00:00:13.041476,358819147.205924, 1.0620000e-09, 2.7623317e+01
2014-05-16T00:00:13.058143,358819147.222591, 1.0620000e-09, 2.7622097e+01
2014-05-16T00:00:13.074809,358819147.239258, 1.0620000e-09, 2.7624538e+01
2014-05-16T00:00:13.091476,358819147.255924, 1.0620000e-09, 2.7626979e+01
2014-05-16T00:00:13.108143,358819147.272591, 1.0620000e-09, 2.7630642e+01
2014-05-16T00:00:13.124810,358819147.289258, 1.0620000e-09, 2.7631862e+01
2014-05-16T00:00:13.141476,358819147.305924, 1.0620000e-09, 2.7631862e+01
2014-05-16T00:00:13.158143,358819147.322591, 1.0620000e-09, 2.7628200e+01
2014-05-16T00:00:13.174809,358819147.339258, 1.0620000e-09, 2.7624538e+01
2014-05-16T00:00:13.191476,358819147.355924, 1.0620000e-09, 2.7622097e+01
2014-05-16T00:00:13.208143,358819147.372591, 1.0620000e-09, 2.7622097e+01
2014-05-16T00:00:13.224809,358819147.389258, 1.0620000e-09, 2.7622097e+01
2014-05-16T00:00:13.241476,358819147.405924, 1.0620000e-09, 2.7624538e+01
2014-05-16T00:00:13.258143,358819147.422591, 1.0620000e-09, 2.7623317e+01
2014-05-16T00:00:13.274809,358819147.439258, 1.0620000e-09, 2.7620876e+01
2014-05-16T00:00:13.291476,358819147.455924, 1.0620000e-09, 2.7617214e+01
2014-05-16T00:00:13.308143,358819147.472591, 1.0620000e-09, 2.7614772e+01
2014-05-16T00:00:13.324810,358819147.489258, 1.0620000e-09, 2.7613552e+01
2014-05-16T00:00:13.341476,358819147.505924, 1.0620000e-09, 2.7614772e+01
2014-05-16T00:00:13.358143,358819147.522591, 1.0620000e-09, 2.7615993e+01
2014-05-16T00:00:13.374810,358819147.539258, 1.0620000e-09, 2.7617214e+01
2014-05-16T00:00:13.391476,358819147.555924, 1.0620000e-09, 2.7617214e+01
2014-05-16T00:00:13.408143,358819147.572591, 1.0620000e-09, 2.7613552e+01
2014-05-16T00:00:13.424809,358819147.589258, 1.0620000e-09, 2.7611110e+01
2014-05-16T00:00:13.441476,358819147.605924, 1.0620000e-09, 2.7611110e+01
2014-05-16T00:00:13.458143,358819147.622591, 1.0620000e-09, 2.7611110e+01
2014-05-16T00:00:13.474809,358819147.639258, 1.0620000e-09, 2.7612331e+01
2014-05-16T00:00:13.491476,358819147.655924, 1.0620000e-09, 2.7617214e+01
2014-05-16T00:00:13.508143,358819147.672591, 1.0620000e-09, 2.7620876e+01
2014-05-16T00:00:13.524810,358819147.689258, 1.0620000e-09, 2.7623317e+01
2014-05-16T00:00:13.541476,358819147.705924, 1.0620000e-09, 2.7623317e+01
2014-05-16T00:00:13.558143,358819147.722591, 1.0620000e-09, 2.7623317e+01
2014-05-16T00:00:13.574810,358819147.739258, 1.0620000e-09, 2.7622097e+01
2014-05-16T00:00:13.591476,358819147.755924, 1.0620000e-09, 2.7622097e+01
2014-05-16T00:00:13.608143,358819147.772591, 1.0620000e-09, 2.7624538e+01
2014-05-16T00:00:13.624810,358819147.789258, 1.0620000e-09, 2.7626979e+01
2014-05-16T00:00:13.641476,358819147.805924, 1.0620000e-09, 2.7628200e+01
2014-05-16T00:00:13.658143,358819147.822591, 1.0620000e-09, 2.7626979e+01
2014-05-16T00:00:13.674810,358819147.839258, 1.0620000e-09, 2.7624538e+01
2014-05-16T00:00:13.691476,358819147.855924, 1.0620000e-09, 2.7622097e+01
2014-05-16T00:00:13.708143,358819147.872591, 1.0620000e-09, 2.7619655e+01
2014-05-16T00:00:13.724810,358819147.889258, 1.0620000e-09, 2.7620876e+01
2014-05-16T00:00:13.741476,358819147.905924, 1.0620000e-09, 2.7622097e+01
2014-05-16T00:00:13.758143,358819147.922591, 1.0620000e-09, 2.7623317e+01
2014-05-16T00:00:13.774810,358819147.939258, 1.0620000e-09, 2.7624538e+01
2014-05-16T00:00:13.791476,358819147.955924, 1.0620000e-09, 2.7623317e+01
2014-05-16T00:00:13.808143,358819147.972591, 1.0620000e-09, 2.7620876e+01
2014-05-16T00:00:13.824810,358819147.989258, 1.0620000e-09, 2.7619655e+01
2014-05-16T00:00:13.841476,358819148.005924, 1.0620000e-09, 2.7619655e+01
2014-05-16T00:00:13.858143,358819148.022591, 1.0620000e-09, 2.7620876e+01
2014-05-16T00:00:13.874810,358819148.039258, 1.0620000e-09, 2.7623317e+01
2014-05-16T00:00:13.891476,358819148.055924, 1.0620000e-09, 2.7625759e+01
2014-05-16T00:00:13.908143,358819148.072591, 1.0620000e-09, 2.7625759e+01
2014-05-16T00:00:13.924810,358819148.089258, 1.0620000e-09, 2.7625759e+01
2014-05-16T00:00:13.941476,358819148.105924, 1.0620000e-09, 2.7623317e+01
2014-05-16T00:00:13.958143,358819148.122591, 1.0620000e-09, 2.7623317e+01
2014-05-16T00:00:13.974810,358819148.139258, 1.0620000e-09, 2.7623317e+01
2014-05-16T00:00:13.991476,358819148.155924, 1.0620000e-09, 2.7625759e+01
2014-05-16T00:00:14.008143,358819148.172591, 1.0620000e-09, 2.7628200e+01
2014-05-16T00:00:14.024810,358819148.189258, 1.0620000e-09, 2.7629421e+01
2014-05-16T00:00:14.041476,358819148.205924, 1.0620000e-09, 2.7628200e+01
2014-05-16T00:00:14.058143,358819148.222591, 1.0620000e-09, 2.7628200e+01
2014-05-16T00:00:14.074810,358819148.239258, 1.0620000e-09, 2.7628200e+01
2014-05-16T00:00:14.091476,358819148.255924, 1.0620000e-09, 2.7628200e+01
2014-05-16T00:00:14.108143,358819148.272591, 1.0620000e-09, 2.7628200e+01
2014-05-16T00:00:14.124810,358819148.289258, 1.0620000e-09, 2.7628200e+01
2014-05-16T00:00:14.141476,358819148.305924, 1.0620000e-09, 2.7626979e+01
2014-05-16T00:00:14.158143,358819148.322591, 1.0620000e-09, 2.7625759e+01
2014-05-16T00:00:14.174810,358819148.339258, 1.0620000e-09, 2.7624538e+01
2014-05-16T00:00:14.191476,358819148.355924, 1.0620000e-09, 2.7620876e+01
2014-05-16T00:00:14.208143,358819148.372591, 1.0620000e-09, 2.7618435e+01
2014-05-16T00:00:14.224810,358819148.389258, 1.0620000e-09, 2.7614772e+01
2014-05-16T00:00:14.241477,358819148.405924, 1.0620000e-09, 2.7613552e+01
2014-05-16T00:00:14.258143,358819148.422591, 1.0620000e-09, 2.7614772e+01
2014-05-16T00:00:14.274810,358819148.439258, 1.0620000e-09, 2.7614772e+01
2014-05-16T00:00:14.291476,358819148.455924, 1.0620000e-09, 2.7614772e+01
2014-05-16T00:00:14.308143,358819148.472591, 1.0620000e-09, 2.7614772e+01
2014-05-16T00:00:14.324810,358819148.489258, 1.0620000e-09, 2.7611110e+01
2014-05-16T00:00:14.341476,358819148.505924, 1.0620000e-09, 2.7609890e+01
2014-05-16T00:00:14.358143,358819148.522591, 1.0620000e-09, 2.7608669e+01
2014-05-16T00:00:14.374810,358819148.539258, 1.0620000e-09, 2.7609890e+01
2014-05-16T00:00:14.391477,358819148.555924, 1.0620000e-09, 2.7612331e+01
2014-05-16T00:00:14.408143,358819148.572591, 1.0620000e-09, 2.7613552e+01
2014-05-16T00:00:14.424810,358819148.589258, 1.0620000e-09, 2.7613552e+01
2014-05-16T00:00:14.441477,358819148.605924, 1.0620000e-09, 2.7613552e+01
2014-05-16T00:00:14.458143,358819148.622591, 1.0620000e-09, 2.7613552e+01
2014-05-16T00:00:14.474810,358819148.639258, 1.0620000e-09, 2.7614772e+01
2014-05-16T00:00:14.491477,358819148.655924, 1.0620000e-09, 2.7618435e+01
2014-05-16T00:00:14.508143,358819148.672591, 1.0620000e-09, 2.7620876e+01
2014-05-16T00:00:14.524810,358819148.689258, 1.0620000e-09, 2.7623317e+01
2014-05-16T00:00:14.541476,358819148.705924, 1.0620000e-09, 2.7624538e+01
2014-05-16T00:00:14.558143,358819148.722591, 1.0620000e-09, 2.7624538e+01
2014-05-16T00:00:14.574810,358819148.739258, 1.0620000e-09, 2.7623317e+01
2014-05-16T00:00:14.591477,358819148.755924, 1.0620000e-09, 2.7622097e+01
2014-05-16T00:00:14.608143,358819148.772591, 1.0620000e-09, 2.7620876e+01
2014-05-16T00:00:14.624810,358819148.789258, 1.0620000e-09, 2.7620876e+01
2014-05-16T00:00:14.641477,358819148.805924, 1.0620000e-09, 2.7622097e+01
2014-05-16T00:00:14.658143,358819148.822591, 1.0620000e-09, 2.7624538e+01
2014-05-16T00:00:14.674810,358819148.839258, 1.0620000e-09, 2.7624538e+01
2014-05-16T00:00:14.691477,358819148.855924, 1.0620000e-09, 2.7624538e+01
2014-05-16T00:00:14.708143,358819148.872591, 1.0620000e-09, 2.7623317e+01
2014-05-16T00:00:14.724810,358819148.889258, 1.0620000e-09, 2.7622097e+01
2014-05-16T00:00:14.741477,358819148.905924, 1.0620000e-09, 2.7622097e+01
2014-05-16T00:00:14.758143,358819148.922591, 1.0620000e-09, 2.7623317e+01
2014-05-16T00:00:14.774810,358819148.939258, 1.0620000e-09, 2.7626979e+01
2014-05-16T00:00:14.791477,358819148.955924, 1.0620000e-09, 2.7629421e+01
2014-05-16T00:00:14.808143,358819148.972591, 1.0620000e-09, 2.7630642e+01
2014-05-16T00:00:14.824810,358819148.989258, 1.0620000e-09, 2.7629421e+01
2014-05-16T00:00:14.841477,358819149.005924, 1.0620000e-09, 2.7629421e+01
2014-05-16T00:00:14.858143,358819149.022591, 1.0620000e-09, 2.7628200e+01
2014-05-16T00:00:14.874810,358819149.039258, 1.0620000e-09, 2.7630642e+01
2014-05-16T00:00:14.891477,358819149.055924, 1.0620000e-09, 2.7635524e+01
2014-05-16T00:00:14.908143,358819149.072591, 1.0620000e-09, 2.7639187e+01
2014-05-16T00:00:14.924810,358819149.089258, 1.0620000e-09, 2.7642849e+01
2014-05-16T00:00:14.941477,358819149.105924, 1.0620000e-09, 2.7644069e+01
2014-05-16T00:00:14.958143,358819149.122591, 1.0620000e-09, 2.7645290e+01
2014-05-16T00:00:14.974810,358819149.139258, 1.0620000e-09, 2.7644069e+01
2014-05-16T00:00:14.991477,358819149.155924, 1.0620000e-09, 2.7644069e+01
2014-05-16T00:00:15.008143,358819149.172591, 1.0620000e-09, 2.7645290e+01
2014-05-16T00:00:15.024810,358819149.189258, 1.0620000e-09, 2.7646511e+01
2014-05-16T00:00:15.041477,358819149.205924, 1.0620000e-09, 2.7647731e+01
2014-05-16T00:00:15.058143,358819149.222591, 1.0620000e-09, 2.7647731e+01
2014-05-16T00:00:15.074810,358819149.239258, 1.0620000e-09, 2.7647731e+01
2014-05-16T00:00:15.091477,358819149.255924, 1.0620000e-09, 2.7642849e+01
2014-05-16T00:00:15.108144,358819149.272591, 1.0620000e-09, 2.7637966e+01
2014-05-16T00:00:15.124810,358819149.289258, 1.0620000e-09, 2.7634304e+01
2014-05-16T00:00:15.141477,358819149.305924, 1.0620000e-09, 2.7631862e+01
2014-05-16T00:00:15.158144,358819149.322591, 1.0620000e-09, 2.7633083e+01
2014-05-16T00:00:15.174810,358819149.339258, 1.0620000e-09, 2.7633083e+01
2014-05-16T00:00:15.191477,358819149.355924, 1.0620000e-09, 2.7631862e+01
2014-05-16T00:00:15.208143,358819149.372591, 1.0620000e-09, 2.7628200e+01
2014-05-16T00:00:15.224810,358819149.389258, 1.0620000e-09, 2.7624538e+01
2014-05-16T00:00:15.241477,358819149.405924, 1.0620000e-09, 2.7620876e+01
2014-05-16T00:00:15.258143,358819149.422591, 1.0620000e-09, 2.7618435e+01
2014-05-16T00:00:15.274810,358819149.439258, 1.0620000e-09, 2.7617214e+01
2014-05-16T00:00:15.291477,358819149.455924, 1.0620000e-09, 2.7617214e+01
2014-05-16T00:00:15.308144,358819149.472591, 1.0620000e-09, 2.7615993e+01
2014-05-16T00:00:15.324810,358819149.489258, 1.0620000e-09, 2.7614772e+01
2014-05-16T00:00:15.341477,358819149.505924, 1.0620000e-09, 2.7612331e+01
2014-05-16T00:00:15.358144,358819149.522591, 1.0620000e-09, 2.7611110e+01
2014-05-16T00:00:15.374810,358819149.539258, 1.0620000e-09, 2.7609890e+01
2014-05-16T00:00:15.391477,358819149.555924, 1.0620000e-09, 2.7608669e+01
2014-05-16T00:00:15.408144,358819149.572591, 1.0620000e-09, 2.7611110e+01
2014-05-16T00:00:15.424810,358819149.589258, 1.0620000e-09, 2.7614772e+01
2014-05-16T00:00:15.441477,358819149.605924, 1.0620000e-09, 2.7619655e+01
2014-05-16T00:00:15.458143,358819149.622591, 1.0620000e-09, 2.7623317e+01
2014-05-16T00:00:15.474810,358819149.639258, 1.0620000e-09, 2.7624538e+01
2014-05-16T00:00:15.491477,358819149.655924, 1.0620000e-09, 2.7624538e+01
2014-05-16T00:00:15.508144,358819149.672591, 1.0620000e-09, 2.7625759e+01
2014-05-16T00:00:15.524810,358819149.689258, 1.0620000e-09, 2.7626979e+01
2014-05-16T00:00:15.541477,358819149.705924, 1.0620000e-09, 2.7630642e+01
2014-05-16T00:00:15.558144,358819149.722591, 1.0620000e-09, 2.7634304e+01
2014-05-16T00:00:15.574810,358819149.739258, 1.0620000e-09, 2.7636745e+01
2014-05-16T00:00:15.591477,358819149.755924, 1.0620000e-09, 2.7637966e+01
2014-05-16T00:00:15.608144,358819149.772591, 1.0620000e-09, 2.7637966e+01
2014-05-16T00:00:15.624810,358819149.789258, 1.0620000e-09, 2.7639187e+01
2014-05-16T00:00:15.641477,358819149.805924, 1.0620000e-09, 2.7639187e+01
2014-05-16T00:00:15.658144,358819149.822591, 1.0620000e-09, 2.7640407e+01
2014-05-16T00:00:15.674810,358819149.839258, 1.0620000e-09, 2.7642849e+01
2014-05-16T00:00:15.691477,358819149.855924, 1.0620000e-09, 2.7645290e+01
2014-05-16T00:00:15.708144,358819149.872591, 1.0620000e-09, 2.7648952e+01
2014-05-16T00:00:15.724810,358819149.889258, 1.0620000e-09, 2.7648952e+01
2014-05-16T00:00:15.741477,358819149.905924, 1.0620000e-09, 2.7651394e+01
2014-05-16T00:00:15.758144,358819149.922591, 1.0620000e-09, 2.7651394e+01
2014-05-16T00:00:15.774810,358819149.939258, 1.0620000e-09, 2.7651394e+01
2014-05-16T00:00:15.791477,358819149.955924, 1.0620000e-09, 2.7652614e+01
2014-05-16T00:00:15.808144,358819149.972591, 1.0620000e-09, 2.7655056e+01
2014-05-16T00:00:15.824810,358819149.989258, 1.0620000e-09, 2.7656276e+01
2014-05-16T00:00:15.841477,358819150.005924, 1.0620000e-09, 2.7658718e+01
2014-05-16T00:00:15.858144,358819150.022591, 1.0620000e-09, 2.7659938e+01
2014-05-16T00:00:15.874810,358819150.039258, 1.0620000e-09, 2.7658718e+01
2014-05-16T00:00:15.891477,358819150.055924, 1.0620000e-09, 2.7658718e+01
2014-05-16T00:00:15.908144,358819150.072591, 1.0620000e-09, 2.7659938e+01
2014-05-16T00:00:15.924810,358819150.089258, 1.0620000e-09, 2.7661159e+01
2014-05-16T00:00:15.941477,358819150.105924, 1.0620000e-09, 2.7662380e+01
2014-05-16T00:00:15.958144,358819150.122591, 1.0620000e-09, 2.7663601e+01
2014-05-16T00:00:15.974810,358819150.139258, 1.0620000e-09, 2.7663601e+01
2014-05-16T00:00:15.991477,358819150.155924, 1.0620000e-09, 2.7663601e+01
2014-05-16T00:00:16.008144,358819150.172591, 1.0620000e-09, 2.7662380e+01
2014-05-16T00:00:16.024810,358819150.189258, 1.0620000e-09, 2.7662380e+01
2014-05-16T00:00:16.041477,358819150.205924, 1.0620000e-09, 2.7661159e+01
2014-05-16T00:00:16.058144,358819150.222591, 1.0620000e-09, 2.7658718e+01
2014-05-16T00:00:16.074811,358819150.239258, 1.0620000e-09, 2.7656276e+01
2014-05-16T00:00:16.091477,358819150.255924, 1.0620000e-09, 2.7653835e+01
2014-05-16T00:00:16.108144,358819150.272591, 1.0620000e-09, 2.7652614e+01
2014-05-16T00:00:16.124810,358819150.289258, 1.0620000e-09, 2.7650173e+01
2014-05-16T00:00:16.141477,358819150.305924, 1.0620000e-09, 2.7647731e+01
2014-05-16T00:00:16.158144,358819150.322591, 1.0620000e-09, 2.7645290e+01
2014-05-16T00:00:16.174810,358819150.339258, 1.0620000e-09, 2.7642849e+01
2014-05-16T00:00:16.191477,358819150.355924, 1.0620000e-09, 2.7641628e+01
2014-05-16T00:00:16.208144,358819150.372591, 1.0620000e-09, 2.7640407e+01
2014-05-16T00:00:16.224810,358819150.389258, 1.0620000e-09, 2.7641628e+01
2014-05-16T00:00:16.241477,358819150.405924, 1.0620000e-09, 2.7640407e+01
2014-05-16T00:00:16.258144,358819150.422591, 1.0620000e-09, 2.7639187e+01
2014-05-16T00:00:16.274811,358819150.439258, 1.0620000e-09, 2.7636745e+01
2014-05-16T00:00:16.291477,358819150.455924, 1.0620000e-09, 2.7635524e+01
2014-05-16T00:00:16.308144,358819150.472591, 1.0620000e-09, 2.7634304e+01
2014-05-16T00:00:16.324811,358819150.489258, 1.0620000e-09, 2.7635524e+01
2014-05-16T00:00:16.341477,358819150.505924, 1.0620000e-09, 2.7636745e+01
2014-05-16T00:00:16.358144,358819150.522591, 1.0620000e-09, 2.7636745e+01
2014-05-16T00:00:16.374810,358819150.539258, 1.0620000e-09, 2.7637966e+01
2014-05-16T00:00:16.391477,358819150.555924, 1.0620000e-09, 2.7640407e+01
2014-05-16T00:00:16.408144,358819150.572591, 1.0620000e-09, 2.7641628e+01
2014-05-16T00:00:16.424811,358819150.589258, 1.0620000e-09, 2.7641628e+01
2014-05-16T00:00:16.441477,358819150.605924, 1.0620000e-09, 2.7642849e+01
2014-05-16T00:00:16.458144,358819150.622591, 1.0620000e-09, 2.7642849e+01
2014-05-16T00:00:16.474811,358819150.639258, 1.0620000e-09, 2.7644069e+01
2014-05-16T00:00:16.491477,358819150.655924, 1.0620000e-09, 2.7644069e+01
2014-05-16T00:00:16.508144,358819150.672591, 1.0620000e-09, 2.7645290e+01
2014-05-16T00:00:16.524811,358819150.689258, 1.0620000e-09, 2.7644069e+01
2014-05-16T00:00:16.541477,358819150.705924, 1.0620000e-09, 2.7644069e+01
2014-05-16T00:00:16.558144,358819150.722591, 1.0620000e-09, 2.7641628e+01
2014-05-16T00:00:16.574811,358819150.739258, 1.0620000e-09, 2.7640407e+01
2014-05-16T00:00:16.591477,358819150.755924, 1.0620000e-09, 2.7641628e+01
2014-05-16T00:00:16.608144,358819150.772591, 1.0620000e-09, 2.7641628e+01
2014-05-16T00:00:16.624811,358819150.789258, 1.0620000e-09, 2.7641628e+01
2014-05-16T00:00:16.641477,358819150.805924, 1.0620000e-09, 2.7640407e+01
2014-05-16T00:00:16.658144,358819150.822591, 1.0620000e-09, 2.7639187e+01
2014-05-16T00:00:16.674811,358819150.839258, 1.0620000e-09, 2.7637966e+01
2014-05-16T00:00:16.691477,358819150.855924, 1.0620000e-09, 2.7636745e+01
2014-05-16T00:00:16.708144,358819150.872591, 1.0620000e-09, 2.7639187e+01
2014-05-16T00:00:16.724811,358819150.889258, 1.0620000e-09, 2.7640407e+01
2014-05-16T00:00:16.741477,358819150.905924, 1.0620000e-09, 2.7641628e+01
2014-05-16T00:00:16.758144,358819150.922591, 1.0620000e-09, 2.7642849e+01
2014-05-16T00:00:16.774811,358819150.939258, 1.0620000e-09, 2.7644069e+01
2014-05-16T00:00:16.791477,358819150.955924, 1.0620000e-09, 2.7644069e+01
2014-05-16T00:00:16.808144,358819150.972591, 1.0620000e-09, 2.7644069e+01
2014-05-16T00:00:16.824811,358819150.989258, 1.0620000e-09, 2.7645290e+01
2014-05-16T00:00:16.841477,358819151.005924, 1.0620000e-09, 2.7646511e+01
2014-05-16T00:00:16.858144,358819151.022591, 1.0620000e-09, 2.7647731e+01
2014-05-16T00:00:16.874811,358819151.039258, 1.0620000e-09, 2.7648952e+01
2014-05-16T00:00:16.891477,358819151.055924, 1.0620000e-09, 2.7650173e+01
2014-05-16T00:00:16.908144,358819151.072591, 1.0620000e-09, 2.7650173e+01
2014-05-16T00:00:16.924811,358819151.089258, 1.0620000e-09, 2.7650173e+01
2014-05-16T00:00:16.941478,358819151.105924, 1.0620000e-09, 2.7650173e+01
2014-05-16T00:00:16.958144,358819151.122591, 1.0620000e-09, 2.7650173e+01
2014-05-16T00:00:16.974811,358819151.139258, 1.0620000e-09, 2.7651394e+01
2014-05-16T00:00:16.991477,358819151.155924, 1.0620000e-09, 2.7652614e+01
2014-05-16T00:00:17.008144,358819151.172591, 1.0620000e-09, 2.7652614e+01
2014-05-16T00:00:17.024811,358819151.189258, 1.0620000e-09, 2.7650173e+01
2014-05-16T00:00:17.041477,358819151.205924, 1.0620000e-09, 2.7647731e+01
2014-05-16T00:00:17.058144,358819151.222591, 1.0620000e-09, 2.7644069e+01
2014-05-16T00:00:17.074811,358819151.239258, 1.0620000e-09, 2.7640407e+01
2014-05-16T00:00:17.091477,358819151.255924, 1.0620000e-09, 2.7637966e+01
2014-05-16T00:00:17.108144,358819151.272591, 1.0620000e-09, 2.7635524e+01
2014-05-16T00:00:17.124811,358819151.289258, 1.0620000e-09, 2.7634304e+01
2014-05-16T00:00:17.141478,358819151.305924, 1.0620000e-09, 2.7630642e+01
2014-05-16T00:00:17.158144,358819151.322591, 1.0620000e-09, 2.7629421e+01
2014-05-16T00:00:17.174811,358819151.339258, 1.0620000e-09, 2.7626979e+01
2014-05-16T00:00:17.191478,358819151.355924, 1.0620000e-09, 2.7624538e+01
2014-05-16T00:00:17.208144,358819151.372591, 1.0620000e-09, 2.7622097e+01
2014-05-16T00:00:17.224811,358819151.389258, 1.0620000e-09, 2.7620876e+01
2014-05-16T00:00:17.241477,358819151.405924, 1.0620000e-09, 2.7619655e+01
2014-05-16T00:00:17.258144,358819151.422591, 1.0620000e-09, 2.7619655e+01
2014-05-16T00:00:17.274811,358819151.439258, 1.0620000e-09, 2.7618435e+01
2014-05-16T00:00:17.291477,358819151.455924, 1.0620000e-09, 2.7619655e+01
2014-05-16T00:00:17.308144,358819151.472591, 1.0620000e-09, 2.7619655e+01
2014-05-16T00:00:17.324811,358819151.489258, 1.0620000e-09, 2.7618435e+01
2014-05-16T00:00:17.341478,358819151.505924, 1.0620000e-09, 2.7619655e+01
2014-05-16T00:00:17.358144,358819151.522591, 1.0620000e-09, 2.7622097e+01
2014-05-16T00:00:17.374811,358819151.539258, 1.0620000e-09, 2.7626979e+01
2014-05-16T00:00:17.391478,358819151.555924, 1.0620000e-09, 2.7629421e+01
2014-05-16T00:00:17.408144,358819151.572591, 1.0620000e-09, 2.7631862e+01
2014-05-16T00:00:17.424811,358819151.589258, 1.0620000e-09, 2.7633083e+01
2014-05-16T00:00:17.441478,358819151.605924, 1.0620000e-09, 2.7633083e+01
2014-05-16T00:00:17.458144,358819151.622591, 1.0620000e-09, 2.7633083e+01
2014-05-16T00:00:17.474811,358819151.639258, 1.0620000e-09, 2.7633083e+01
2014-05-16T00:00:17.491478,358819151.655924, 1.0620000e-09, 2.7634304e+01
2014-05-16T00:00:17.508144,358819151.672591, 1.0620000e-09, 2.7635524e+01
2014-05-16T00:00:17.524811,358819151.689258, 1.0620000e-09, 2.7637966e+01
2014-05-16T00:00:17.541478,358819151.705924, 1.0620000e-09, 2.7639187e+01
2014-05-16T00:00:17.558144,358819151.722591, 1.0620000e-09, 2.7640407e+01
2014-05-16T00:00:17.574811,358819151.739258, 1.0620000e-09, 2.7640407e+01
2014-05-16T00:00:17.591478,358819151.755924, 1.0620000e-09, 2.7641628e+01
2014-05-16T00:00:17.608144,358819151.772591, 1.0620000e-09, 2.7640407e+01
2014-05-16T00:00:17.624811,358819151.789258, 1.0620000e-09, 2.7640407e+01
2014-05-16T00:00:17.641478,358819151.805924, 1.0620000e-09, 2.7642849e+01
2014-05-16T00:00:17.658144,358819151.822591, 1.0620000e-09, 2.7644069e+01
2014-05-16T00:00:17.674811,358819151.839258, 1.0620000e-09, 2.7645290e+01
2014-05-16T00:00:17.691478,358819151.855924, 1.0620000e-09, 2.7646511e+01
2014-05-16T00:00:17.708144,358819151.872591, 1.0620000e-09, 2.7646511e+01
2014-05-16T00:00:17.724811,358819151.889258, 1.0620000e-09, 2.7645290e+01
2014-05-16T00:00:17.741478,358819151.905924, 1.0620000e-09, 2.7644069e+01
2014-05-16T00:00:17.758144,358819151.922591, 1.0620000e-09, 2.7644069e+01
2014-05-16T00:00:17.774811,358819151.939258, 1.0620000e-09, 2.7645290e+01
2014-05-16T00:00:17.791478,358819151.955924, 1.0620000e-09, 2.7646511e+01
2014-05-16T00:00:17.808144,358819151.972591, 1.0620000e-09, 2.7646511e+01
2014-05-16T00:00:17.824811,358819151.989258, 1.0620000e-09, 2.7646511e+01
2014-05-16T00:00:17.841478,358819152.005924, 1.0620000e-09, 2.7645290e+01
2014-05-16T00:00:17.858145,358819152.022591, 1.0620000e-09, 2.7644069e+01
2014-05-16T00:00:17.874811,358819152.039258, 1.0620000e-09, 2.7644069e+01
2014-05-16T00:00:17.891478,358819152.055924, 1.0620000e-09, 2.7645290e+01
2014-05-16T00:00:17.908144,358819152.072591, 1.0620000e-09, 2.7646511e+01
2014-05-16T00:00:17.924811,358819152.089258, 1.0620000e-09, 2.7648952e+01
2014-05-16T00:00:17.941478,358819152.105924, 1.0620000e-09, 2.7651394e+01
2014-05-16T00:00:17.958144,358819152.122591, 1.0620000e-09, 2.7652614e+01
2014-05-16T00:00:17.974811,358819152.139258, 1.0620000e-09, 2.7650173e+01
2014-05-16T00:00:17.991478,358819152.155924, 1.0620000e-09, 2.7647731e+01
2014-05-16T00:00:18.008144,358819152.172591, 1.0620000e-09, 2.7646511e+01
2014-05-16T00:00:18.024811,358819152.189258, 1.0620000e-09, 2.7645290e+01
2014-05-16T00:00:18.041478,358819152.205924, 1.0620000e-09, 2.7646511e+01
2014-05-16T00:00:18.058145,358819152.222591, 1.0620000e-09, 2.7646511e+01
2014-05-16T00:00:18.074811,358819152.239258, 1.0620000e-09, 2.7646511e+01
2014-05-16T00:00:18.091478,358819152.255924, 1.0620000e-09, 2.7642849e+01
2014-05-16T00:00:18.108145,358819152.272591, 1.0620000e-09, 2.7640407e+01
2014-05-16T00:00:18.124811,358819152.289258, 1.0620000e-09, 2.7637966e+01
2014-05-16T00:00:18.141478,358819152.305924, 1.0620000e-09, 2.7635524e+01
2014-05-16T00:00:18.158144,358819152.322591, 1.0620000e-09, 2.7635524e+01
2014-05-16T00:00:18.174811,358819152.339258, 1.0620000e-09, 2.7634304e+01
2014-05-16T00:00:18.191478,358819152.355924, 1.0620000e-09, 2.7633083e+01
2014-05-16T00:00:18.208144,358819152.372591, 1.0620000e-09, 2.7630642e+01
2014-05-16T00:00:18.224811,358819152.389258, 1.0620000e-09, 2.7628200e+01
2014-05-16T00:00:18.241478,358819152.405924, 1.0620000e-09, 2.7625759e+01
2014-05-16T00:00:18.258145,358819152.422591, 1.0620000e-09, 2.7624538e+01
2014-05-16T00:00:18.274811,358819152.439258, 1.0620000e-09, 2.7623317e+01
2014-05-16T00:00:18.291478,358819152.455924, 1.0620000e-09, 2.7624538e+01
2014-05-16T00:00:18.308145,358819152.472591, 1.0620000e-09, 2.7629421e+01
2014-05-16T00:00:18.324811,358819152.489258, 1.0620000e-09, 2.7633083e+01
2014-05-16T00:00:18.341478,358819152.505924, 1.0620000e-09, 2.7637966e+01
2014-05-16T00:00:18.358145,358819152.522591, 1.0620000e-09, 2.7637966e+01
2014-05-16T00:00:18.374811,358819152.539258, 1.0620000e-09, 2.7637966e+01
2014-05-16T00:00:18.391478,358819152.555924, 1.0620000e-09, 2.7637966e+01
2014-05-16T00:00:18.408144,358819152.572591, 1.0620000e-09, 2.7637966e+01
2014-05-16T00:00:18.424811,358819152.589258, 1.0620000e-09, 2.7637966e+01
2014-05-16T00:00:18.441478,358819152.605924, 1.0620000e-09, 2.7637966e+01
2014-05-16T00:00:18.458145,358819152.622591, 1.0620000e-09, 2.7636745e+01
2014-05-16T00:00:18.474811,358819152.639258, 1.0620000e-09, 2.7634304e+01
2014-05-16T00:00:18.491478,358819152.655924, 1.0620000e-09, 2.7631862e+01
2014-05-16T00:00:18.508145,358819152.672591, 1.0620000e-09, 2.7630642e+01
2014-05-16T00:00:18.524811,358819152.689258, 1.0620000e-09, 2.7628200e+01
2014-05-16T00:00:18.541478,358819152.705924, 1.0620000e-09, 2.7628200e+01
2014-05-16T00:00:18.558145,358819152.722591, 1.0620000e-09, 2.7628200e+01
2014-05-16T00:00:18.574811,358819152.739258, 1.0620000e-09, 2.7628200e+01
2014-05-16T00:00:18.591478,358819152.755924, 1.0620000e-09, 2.7628200e+01
2014-05-16T00:00:18.608145,358819152.772591, 1.0620000e-09, 2.7625759e+01
2014-05-16T00:00:18.624811,358819152.789258, 1.0620000e-09, 2.7624538e+01
2014-05-16T00:00:18.641478,358819152.805924, 1.0620000e-09, 2.7624538e+01
2014-05-16T00:00:18.658145,358819152.822591, 1.0620000e-09, 2.7623317e+01
2014-05-16T00:00:18.674811,358819152.839258, 1.0620000e-09, 2.7622097e+01
2014-05-16T00:00:18.691478,358819152.855924, 1.0620000e-09, 2.7623317e+01
2014-05-16T00:00:18.708145,358819152.872591, 1.0620000e-09, 2.7623317e+01
2014-05-16T00:00:18.724811,358819152.889258, 1.0620000e-09, 2.7622097e+01
2014-05-16T00:00:18.741478,358819152.905924, 1.0620000e-09, 2.7620876e+01
2014-05-16T00:00:18.758145,358819152.922591, 1.0620000e-09, 2.7620876e+01
2014-05-16T00:00:18.774811,358819152.939258, 1.0620000e-09, 2.7619655e+01
2014-05-16T00:00:18.791478,358819152.955924, 1.0620000e-09, 2.7619655e+01
2014-05-16T00:00:18.808145,358819152.972591, 1.0620000e-09, 2.7620876e+01
2014-05-16T00:00:18.824811,358819152.989258, 1.0620000e-09, 2.7622097e+01
2014-05-16T00:00:18.841478,358819153.005924, 1.0620000e-09, 2.7622097e+01
2014-05-16T00:00:18.858145,358819153.022591, 1.0620000e-09, 2.7622097e+01
2014-05-16T00:00:18.874811,358819153.039258, 1.0620000e-09, 2.7622097e+01
2014-05-16T00:00:18.891478,358819153.055924, 1.0620000e-09, 2.7623317e+01
2014-05-16T00:00:18.908145,358819153.072591, 1.0620000e-09, 2.7623317e+01
2014-05-16T00:00:18.924811,358819153.089258, 1.0620000e-09, 2.7624538e+01
2014-05-16T00:00:18.941478,358819153.105924, 1.0620000e-09, 2.7623317e+01
2014-05-16T00:00:18.958145,358819153.122591, 1.0620000e-09, 2.7622097e+01
2014-05-16T00:00:18.974812,358819153.139258, 1.0620000e-09, 2.7620876e+01
2014-05-16T00:00:18.991478,358819153.155924, 1.0620000e-09, 2.7618435e+01
2014-05-16T00:00:19.008145,358819153.172591, 1.0620000e-09, 2.7615993e+01
2014-05-16T00:00:19.024812,358819153.189258, 1.0620000e-09, 2.7613552e+01
